cityname,min_o3,max_o3,min_pm25,max_pm25,min_pm10,max_pm10,min_so2,max_so2,min_no2,max_no2,min_co,max_co
,,,,,,,,,,&,,
,,,,$,,,,,,,,
&,,,,,,»,£,U,,,,
,‡,æ,W,,,,,,(,ç,H,
,,,,,,&,,,,,,∞
º,W,,,,,,,,&,,,
,,,,&,,,,,,,,&
,,,,,»,Ω,W,,,,,
P,Ω,W,,,,,,ò,¶,R,,
,,,,,&,,,,,,∞,º
W,,,,,,,,&,,,,
,,,&,,,,,,,,&,
,,,,0,Ö,Z,,,,,,ò
K,U,,,,,,x,Õ,",",,,
,,,,&,,,,,,∞,º,W
,,,,,,,&,,,,,
,,&,,,,,,,,&,,
,,,»,Ω,W,,,,,,P,Ω
W,,,,,,ò,¶,R,,,,
,,,&,,,,,,∞,º,W,
,,,,,,&,,,,,,
,&,,,,,,,,&,,,
,,X,†,U,,,,,,,®,U
,,,,,`,Ã,",",,,,,
,,&,,,,,,∞,º,W,,
,,,,,&,,,,,,,
&,,,,,,,,&,,,,
,,N,U,,,,,,Ë,Å,Z,
,,,,P,ç,H,,,,,,
,&,,,,,,∞,º,W,,,
,,,,&,,,,,,,,&
,,,,,,,&,,,,,
»,Ω,W,,,,,,P,Ω,W,,
,,,ò,¶,R,,,,,,,
&,,,,,,∞,º,W,,,,
,,,&,,,,,,,,&,
,,,,,,&,,,,,,»
Ω,W,,,,,,P,Ω,W,,,
,,ò,¶,R,,,,,,,,&
,,,,,∞,º,W,,,,,
,,&,,,,,,,,&,,
,,,,,&,,,,,,,N
U,,,,,,,§,U,,,,
,`,Ã,",",,,,,,,,&,
,,,,∞,º,W,,,,,,
,&,,,,,,,,&,,,
,,,,&,,,,,,»,Ω,W
,,,,,P,Ω,W,,,,,
ò,¶,R,,,,,,,,&,,
,,,∞,º,W,,,,,,,
&,,,,,,,,&,,,,
,,,&,,,,,,0,Ö,Z,
,,,,ò,K,U,,,,,,x
Õ,",",,,,,,,,&,,,
,,∞,º,W,,,,,,,,&
,,,,,,,&,,,,,
,,&,,,,,,»,Ω,W,,
,,,P,Ω,W,,,,,,ò,¶
R,,,,,,,,&,,,,
,∞,º,W,,,,,,,,&,
,,,,,,&,,,,,,
,&,,,,,,X,†,U,,,
,,,®,U,,,,,,`,Ã,","
,,,,,,,&,,,,,
∞,º,W,,,,,,,,&,,
,,,,,&,,,,,,,
&,,,,,,0,¿,I,,,,
,,§,U,,,,,,`,Ã,",",
,,,,,,&,,,,,,∞
º,W,,,,,,,,&,,,
,,,,&,,,,,,,,&
,,,,,»,Ω,W,,,,,
P,Ω,W,,,,,,ò,¶,R,,
,,,,,&,,,,,,∞,º
W,,,,,,,,&,,,,
,,,&,,,,,,,,&,
,,,,»,Ω,W,,,,,,P
Ω,W,,,,,,ò,¶,R,,,
,,,,&,,,,,,∞,º,W
,,,,,,,&,,,,,
,,&,,,,,,,,&,,
,,,‡,,A,,,,,,Ë,¶
U,,,,,,X,,A,,,,
,,,&,,,,,,∞,º,W,
,,,,,,&,,,,,,
,&,,,,,,,,&,,,
,,»,Ω,W,,,,,,P,Ω,W
,,,,,ò,¶,R,,,,,
,,&,,,,,,∞,º,W,,
,,,,,&,,,,,,,
&,,,,,,,,&,,,,
,0,Ö,Z,,,,,,ò,K,U,
,,,,x,Õ,",",,,,,,
,&,,,,,,∞,º,W,,,
,,,,&,,,,,,,,&
,,,,,,,&,,,,,
»,Ω,W,,,,,,P,Ω,W,,
,,,ò,¶,R,,,,,,,
&,,,,,,∞,º,W,,,,
,,,&,,,,,,,,&,
,,,,,,&,,,,,,X
†,U,,,,,,,®,U,,,
,,`,Ã,",",,,,,,,,&
,,,,,∞,º,W,,,,,
,,&,,,,,,,,&,,
,,,,,&,,,,,,–,è
H,,,,,,,§,U,,,,
,`,Ã,",",,,,,,,,&,
,,,,∞,º,W,,,,,,
,&,,,,,,,,&,,,
,,,,&,,,,,,»,Ω,W
,,,,,P,Ω,W,,,,,
ò,¶,R,,,,,,,,&,,
,,,∞,º,W,,,,,,,
&,,,,,,,,&,,,,
,,,&,,,,,,»,Ω,W,
,,,,P,Ω,W,,,,,,ò
¶,R,,,,,,,,&,,,
,,∞,º,W,,,,,,,,&
,,,,,,,&,,,,,
,,&,,,,,,,N,U,,
,,,,§,U,,,,,,`,Ã
",",,,,,,,,&,,,,
,∞,º,W,,,,,,,,&,
,,,,,,&,,,,,,
,&,,,,,,»,Ω,W,,,
,,P,Ω,W,,,,,,ò,¶,R
,,,,,,,&,,,,,
∞,º,W,,,,,,,,&,,
,,,,,&,,,,,,,
&,,,,,,(,,&,,,,
,8,ß,U,,,,,,®,è,H,
,,,,,,&,,,,,,∞
º,W,,,,,,,,&,,,
,,,,&,,,,,,,,&
,,,,,»,Ω,W,,,,,
P,Ω,W,,,,,,ò,¶,R,,
,,,,,&,,,,,,∞,º
W,,,,,,,,&,,,,
,,,&,,,,,,,,&,
,,,,X,†,U,,,,,,
®,U,,,,,,`,Ã,",",,,
,,,,&,,,,,,∞,º,W
,,,,,,,&,,,,,
,,&,,,,,,,,&,,
,,,0,¿,I,,,,,,,§
U,,,,,,`,Ã,",",,,,
,,,&,,,,,,∞,º,W,
,,,,,,&,,,,,,
,&,,,,,,,,&,,,
,,»,Ω,W,,,,,,P,Ω,W
,,,,,ò,¶,R,,,,,
,,&,,,,,,∞,º,W,,
,,,,,&,,,,,,,
&,,,,,,,,&,,,,
,»,Ω,W,,,,,,P,Ω,W,
,,,,ò,¶,R,,,,,,
,&,,,,,,∞,º,W,,,
,,,,&,,,,,,,,&
,,,,,,,&,,,,,
,N,U,,,,,, ,,A,,
,,,X,,A,,,,,,,
&,,,,,,∞,º,W,,,,
,,,&,,,,,,,,&,
,,,,,,&,,,,,,»
Ω,W,,,,,,P,Ω,W,,,
,,ò,¶,R,,,,,,,,&
,,,,,∞,º,W,,,,,
,,&,,,,,,,,&,,
,,,,,&,,,,,,0,Ö
Z,,,,,,ò,K,U,,,,
,x,Õ,",",,,,,,,,&,
,,,,∞,º,W,,,,,,
,&,,,,,,,,&,,,
,,,,&,,,,,,»,Ω,W
,,,,,P,Ω,W,,,,,
ò,¶,R,,,,,,,,&,,
,,,∞,º,W,,,,,,,
&,,,,,,,,&,,,,
,,,&,,,,,,X,†,U,
,,,,,®,U,,,,,,`
Ã,",",,,,,,,,&,,,
,,∞,º,W,,,,,,,,&
,,,,,,,&,,,,,
,,&,,,,,,,N,U,,
,,,,§,U,,,,,,`,Ã
",",,,,,,,,&,,,,
,∞,º,W,,,,,,,,&,
,,,,,,&,,,,,,
,&,,,,,,»,Ω,W,,,
,,P,Ω,W,,,,,,ò,¶,R
,,,,,,,&,,,,,
∞,º,W,,,,,,,,&,,
,,,,,&,,,,,,,
&,,,,,,»,Ω,W,,,,
,P,Ω,W,,,,,,ò,¶,R,
,,,,,,&,,,,,,∞
º,W,,,,,,,,&,,,
,,,,&,,,,,,,,&
,,,,,,N,U,,,,,
,§,U,,,,,,`,Ã,",",,
,,,,,&,,,,,,∞,º
W,,,,,,,,&,,,,
,,,&,,,,,,,,&,
,,,,»,Ω,W,,,,,,P
Ω,W,,,,,,ò,¶,R,,,
,,,,&,,,,,,∞,º,W
,,,,,,,&,,,,,
,,&,,,,,,,,&,,
,,,h,§,U,,,,,,»,É
Z,,,,,,H,Ü,H,,,,
,,,&,,,,,,∞,º,W,
,,,,,,&,,,,,,
,&,,,,,,,,&,,,
,,»,Ω,W,,,,,,P,Ω,W
,,,,,ò,¶,R,,,,,
,,&,,,,,,∞,º,W,,
,,,,,&,,,,,,,
&,,,,,,,,&,,,,
,X,†,U,,,,,,,®,U,
,,,,`,Ã,",",,,,,,
,&,,,,,,∞,º,W,,,
,,,,&,,,,,,,,&
,,,,,,,&,,,,,
0,¿,I,,,,,,,§,U,,
,,,`,Ã,",",,,,,,,
&,,,,,,∞,º,W,,,,
,,,&,,,,,,,,&,
,,,,,,&,,,,,,»
Ω,W,,,,,,P,Ω,W,,,
,,ò,¶,R,,,,,,,,&
,,,,,∞,º,W,,,,,
,,&,,,,,,,,&,,
,,,,,&,,,,,,»,Ω
W,,,,,,P,Ω,W,,,,
,ò,¶,R,,,,,,,,&,
,,,,∞,º,W,,,,,,
,&,,,,,,,,&,,,
,,,,&,,,,,,¿,,A
,,,,,,¢,U,,,,,
X,,A,,,,,,,,&,,
,,,∞,º,W,,,,,,,
&,,,,,,,,&,,,,
,,,&,,,,,,»,Ω,W,
,,,,P,Ω,W,,,,,,ò
¶,R,,,,,,,,&,,,
,,∞,º,W,,,,,,,,&
,,,,,,,&,,,,,
,,&,,,,,,0,Ö,Z,,
,,,ò,K,U,,,,,,x,Õ
",",,,,,,,,&,,,,
,∞,º,W,,,,,,,,&,
,,,,,,&,,,,,,
,&,,,,,,»,Ω,W,,,
,,P,Ω,W,,,,,,ò,¶,R
,,,,,,,&,,,,,
∞,º,W,,,,,,,,&,,
,,,,,&,,,,,,,
&,,,,,,X,†,U,,,,
,,®,U,,,,,,`,Ã,",",
,,,,,,&,,,,,,∞
º,W,,,,,,,,&,,,
,,,,&,,,,,,,,&
,,,,,Ë,K,U,,,,,
,O,U,,,,,, ,À,",",,
,,,,,&,,,,,,∞,º
W,,,,,,,,&,,,,
,,,&,,,,,,,,&,
,,,,»,Ω,W,,,,,,P
Ω,W,,,,,,ò,¶,R,,,
,,,,&,,,,,,∞,º,W
,,,,,,,&,,,,,
,,&,,,,,,,,&,,
,,,»,Ω,W,,,,,,P,Ω
W,,,,,,ò,¶,R,,,,
,,,&,,,,,,∞,º,W,
,,,,,,&,,,,,,
,&,,,,,,,,&,,,
,,,N,U,,,,,,,§,U
,,,,,`,Ã,",",,,,,
,,&,,,,,,∞,º,W,,
,,,,,&,,,,,,,
&,,,,,,,,&,,,,
,»,Ω,W,,,,,,P,Ω,W,
,,,,ò,¶,R,,,,,,
,&,,,,,,∞,º,W,,,
,,,,&,,,,,,,,&
,,,,,,,&,,,,,
0,Ö,Z,,,,,,ò,K,U,,
,,,x,Õ,",",,,,,,,
&,,,,,,∞,º,W,,,,
,,,&,,,,,,,,&,
,,,,,,&,,,,,,»
Ω,W,,,,,,P,Ω,W,,,
,,ò,¶,R,,,,,,,,&
,,,,,∞,º,W,,,,,
,,&,,,,,,,,&,,
,,,,,&,,,,,,X,†
U,,,,,,,®,U,,,,
,`,Ã,",",,,,,,,,&,
,,,,∞,º,W,,,,,,
,&,,,,,,,,&,,,
,,,,&,,,,,,0,¿,I
,,,,,,§,U,,,,,
`,Ã,",",,,,,,,,&,,
,,,∞,º,W,,,,,,,
&,,,,,,,,&,,,,
,,,&,,,,,,»,Ω,W,
,,,,P,Ω,W,,,,,,ò
¶,R,,,,,,,,&,,,
,,∞,º,W,,,,,,,,&
,,,,,,,&,,,,,
,,&,,,,,,»,Ω,W,,
,,,P,Ω,W,,,,,,ò,¶
R,,,,,,,,&,,,,
,∞,º,W,,,,,,,,&,
,,,,,,&,,,,,,
,&,,,,,,†,M,U,,,
,,h,æ,W,,,,,,(,ç,H
,,,,,,,&,,,,,
∞,º,W,,,,,,,,&,,
,,,,,&,,,,,,,
&,,,,,,»,Ω,W,,,,
,P,Ω,W,,,,,,ò,¶,R,
,,,,,,&,,,,,,∞
º,W,,,,,,,,&,,,
,,,,&,,,,,,,,&
,,,,,0,Ö,Z,,,,,
ò,K,U,,,,,,x,Õ,",",,
,,,,,&,,,,,,∞,º
W,,,,,,,,&,,,,
,,,&,,,,,,,,&,
,,,,»,Ω,W,,,,,,P
Ω,W,,,,,,ò,¶,R,,,
,,,,&,,,,,,∞,º,W
,,,,,,,&,,,,,
,,&,,,,,,,,&,,
,,,X,†,U,,,,,,,®
U,,,,,,`,Ã,",",,,,
,,,&,,,,,,∞,º,W,
,,,,,,&,,,,,,
,&,,,,,,,,&,,,
,,0,¿,I,,,,,, ,,A
,,,,,X,,A,,,,,
,,&,,,,,,∞,º,W,,
,,,,,&,,,,,,,
&,,,,,,,,&,,,,
,»,Ω,W,,,,,,P,Ω,W,
,,,,ò,¶,R,,,,,,
,&,,,,,,∞,º,W,,,
,,,,&,,,,,,,,&
,,,,,,,&,,,,,
»,Ω,W,,,,,,P,Ω,W,,
,,,ò,¶,R,,,,,,,
&,,,,,,∞,º,W,,,,
,,,&,,,,,,,,&,
,,,,,,&,,,,,,
N,U,,,,,,,§,U,,,
,,`,Ã,",",,,,,,,,&
,,,,,∞,º,W,,,,,
,,&,,,,,,,,&,,
,,,,,&,,,,,,»,Ω
W,,,,,,P,Ω,W,,,,
,ò,¶,R,,,,,,,,&,
,,,,∞,º,W,,,,,,
,&,,,,,,,,&,,,
,,,,&,,,,,,0,Ö,Z
,,,,,ò,K,U,,,,,
x,Õ,",",,,,,,,,&,,
,,,∞,º,W,,,,,,,
&,,,,,,,,&,,,,
,,,&,,,,,,»,Ω,W,
,,,,P,Ω,W,,,,,,ò
¶,R,,,,,,,,&,,,
,,∞,º,W,,,,,,,,&
,,,,,,,&,,,,,
,,&,,,,,,X,†,U,,
,,,,®,U,,,,,,`,Ã
",",,,,,,,,&,,,,
,∞,º,W,,,,,,,,&,
,,,,,,&,,,,,,
,&,,,,,,0,¿,I,,,
,,,§,U,,,,,,`,Ã,","
,,,,,,,&,,,,,
∞,º,W,,,,,,,,&,,
,,,,,&,,,,,,,
&,,,,,,»,Ω,W,,,,
,P,Ω,W,,,,,,ò,¶,R,
,,,,,,&,,,,,,∞
º,W,,,,,,,,&,,,
,,,,&,,,,,,,,&
,,,,,»,Ω,W,,,,,
P,Ω,W,,,,,,ò,¶,R,,
,,,,,&,,,,,,∞,º
W,,,,,,,,&,,,,
,,,&,,,,,,,,&,
,,,,h,ƒ,",",,,,,,†
M,U,,,,,, ,À,",",,,
,,,,&,,,,,,∞,º,W
,,,,,,,&,,,,,
,,&,,,,,,,,&,,
,,,»,Ω,W,,,,,,P,Ω
W,,,,,,ò,¶,R,,,,
,,,&,,,,,,∞,º,W,
,,,,,,&,,,,,,
,&,,,,,,,,&,,,
,,0,Ö,Z,,,,,,ò,K,U
,,,,,x,Õ,",",,,,,
,,&,,,,,,∞,º,W,,
,,,,,&,,,,,,,
&,,,,,,,,&,,,,
,»,Ω,W,,,,,,P,Ω,W,
,,,,ò,¶,R,,,,,,
,&,,,,,,∞,º,W,,,
,,,,&,,,,,,,,&
,,,,,,,&,,,,,
X,†,U,,,,,,,®,U,,
,,,`,Ã,",",,,,,,,
&,,,,,,∞,º,W,,,,
,,,&,,,,,,,,&,
,,,,,,&,,,,,,@
æ,W,,,,,,,ß,U,,,
,, ,À,",",,,,,,,,&
,,,,,∞,º,W,,,,,
,,&,,,,,,,,&,,
,,,,,&,,,,,,»,Ω
W,,,,,,P,Ω,W,,,,
,ò,¶,R,,,,,,,,&,
,,,,∞,º,W,,,,,,
,&,,,,,,,,&,,,
,,,,&,,,,,,»,Ω,W
,,,,,P,Ω,W,,,,,
ò,¶,R,,,,,,,,&,,
,,,∞,º,W,,,,,,,
&,,,,,,,,&,,,,
,,,&,,,,,,,N,U,
,,,,,§,U,,,,,,`
Ã,",",,,,,,,,&,,,
,,∞,º,W,,,,,,,,&
,,,,,,,&,,,,,
,,&,,,,,,»,Ω,W,,
,,,P,Ω,W,,,,,,ò,¶
R,,,,,,,,&,,,,
,∞,º,W,,,,,,,,&,
,,,,,,&,,,,,,
,&,,,,,,h,§,U,,,
,,»,É,Z,,,,,,H,Ü,H
,,,,,,,&,,,,,
∞,º,W,,,,,,,,&,,
,,,,,&,,,,,,,
&,,,,,,»,Ω,W,,,,
,P,Ω,W,,,,,,ò,¶,R,
,,,,,,&,,,,,,∞
º,W,,,,,,,,&,,,
,,,,&,,,,,,,,&
,,,,,X,†,U,,,,,
,®,U,,,,,,`,Ã,",",,
,,,,,&,,,,,,∞,º
W,,,,,,,,&,,,,
,,,&,,,,,,,,&,
,,,,0,¿,I,,,,,,
§,U,,,,,,`,Ã,",",,,
,,,,&,,,,,,∞,º,W
,,,,,,,&,,,,,
,,&,,,,,,,,&,,
,,,»,Ω,W,,,,,,P,Ω
W,,,,,,ò,¶,R,,,,
,,,&,,,,,,∞,º,W,
,,,,,,&,,,,,,
,&,,,,,,,,&,,,
,,»,Ω,W,,,,,,P,Ω,W
,,,,,ò,¶,R,,,,,
,,&,,,,,,∞,º,W,,
,,,,,&,,,,,,,
&,,,,,,,,&,,,,
,,N,U,,,,,,,§,U,
,,,,`,Ã,",",,,,,,
,&,,,,,,∞,º,W,,,
,,,,&,,,,,,,,&
,,,,,,,&,,,,,
»,Ω,W,,,,,,P,Ω,W,,
,,,ò,¶,R,,,,,,,
&,,,,,,∞,º,W,,,,
,,,&,,,,,,,,&,
,,,,,,&,,,,,,0
Ö,Z,,,,,,ò,K,U,,,
,,x,Õ,",",,,,,,,,&
,,,,,∞,º,W,,,,,
,,&,,,,,,,,&,,
,,,,,&,,,,,,»,Ω
W,,,,,,P,Ω,W,,,,
,ò,¶,R,,,,,,,,&,
,,,,∞,º,W,,,,,,
,&,,,,,,,,&,,,
,,,,&,,,,,,X,†,U
,,,,,,®,U,,,,,
`,Ã,",",,,,,,,,&,,
,,,∞,º,W,,,,,,,
&,,,,,,,,&,,,,
,,,&,,,,,,–,è,H,
,,,,∏,N,U,,,,,,X
,A,,,,,,,,&,,,
,,∞,º,W,,,,,,,,&
,,,,,,,&,,,,,
,,&,,,,,,»,Ω,W,,
,,,P,Ω,W,,,,,,ò,¶
R,,,,,,,,&,,,,
,∞,º,W,,,,,,,,&,
,,,,,,&,,,,,,
,&,,,,,,»,Ω,W,,,
,,P,Ω,W,,,,,,ò,¶,R
,,,,,,,&,,,,,
∞,º,W,,,,,,,,&,,
,,,,,&,,,,,,,
&,,,,,,,N,U,,,,
,,§,U,,,,,,`,Ã,",",
,,,,,,&,,,,,,∞
º,W,,,,,,,,&,,,
,,,,&,,,,,,,,&
,,,,,»,Ω,W,,,,,
P,Ω,W,,,,,,ò,¶,R,,
,,,,,&,,,,,,∞,º
W,,,,,,,,&,,,,
,,,&,,,,,,,,&,
,,,,h,§,U,,,,,,»
É,Z,,,,,,H,Ü,H,,,
,,,,&,,,,,,∞,º,W
,,,,,,,&,,,,,
,,&,,,,,,,,&,,
,,,»,Ω,W,,,,,,P,Ω
W,,,,,,ò,¶,R,,,,
,,,&,,,,,,∞,º,W,
,,,,,,&,,,,,,
,&,,,,,,,,&,,,
,,X,†,U,,,,,,,®,U
,,,,,`,Ã,",",,,,,
,,&,,,,,,∞,º,W,,
,,,,,&,,,,,,,
&,,,,,,,,&,,,,
,0,¿,I,,,,,,,§,U,
,,,,`,Ã,",",,,,,,
,&,,,,,,∞,º,W,,,
,,,,&,,,,,,,,&
,,,,,,,&,,,,,
»,Ω,W,,,,,,P,Ω,W,,
,,,ò,¶,R,,,,,,,
&,,,,,,∞,º,W,,,,
,,,&,,,,,,,,&,
,,,,,,&,,,,,,»
Ω,W,,,,,,P,Ω,W,,,
,,ò,¶,R,,,,,,,,&
,,,,,∞,º,W,,,,,
,,&,,,,,,,,&,,
,,,,,&,,,,,,¿,
A,,,,,,,¢,U,,,,
,X,,A,,,,,,,,&,
,,,,∞,º,W,,,,,,
,&,,,,,,,,&,,,
,,,,&,,,,,,»,Ω,W
,,,,,P,Ω,W,,,,,
ò,¶,R,,,,,,,,&,,
,,,∞,º,W,,,,,,,
&,,,,,,,,&,,,,
,,,&,,,,,,0,Ö,Z,
,,,,ò,K,U,,,,,,x
Õ,",",,,,,,,,&,,,
,,∞,º,W,,,,,,,,&
,,,,,,,&,,,,,
,,&,,,,,,»,Ω,W,,
,,,P,Ω,W,,,,,,ò,¶
R,,,,,,,,&,,,,
,∞,º,W,,,,,,,,&,
,,,,,,&,,,,,,
,&,,,,,,X,†,U,,,
,,,®,U,,,,,,`,Ã,","
,,,,,,,&,,,,,
∞,º,W,,,,,,,,&,,
,,,,,&,,,,,,,
&,,,,,,,¢,U,,,,
,,§,U,,,,,,`,Ã,",",
,,,,,,&,,,,,,∞
º,W,,,,,,,,&,,,
,,,,&,,,,,,,,&
,,,,,»,Ω,W,,,,,
P,Ω,W,,,,,,ò,¶,R,,
,,,,,&,,,,,,∞,º
W,,,,,,,,&,,,,
,,,&,,,,,,,,&,
,,,,»,Ω,W,,,,,,P
Ω,W,,,,,,ò,¶,R,,,
,,,,&,,,,,,∞,º,W
,,,,,,,&,,,,,
,,&,,,,,,,,&,,
,,,,N,U,,,,,,,§
U,,,,,,`,Ã,",",,,,
,,,&,,,,,,∞,º,W,
,,,,,,&,,,,,,
,&,,,,,,,,&,,,
,,»,Ω,W,,,,,,P,Ω,W
,,,,,ò,¶,R,,,,,
,,&,,,,,,∞,º,W,,
,,,,,&,,,,,,,
&,,,,,,,,&,,,,
,h,§,U,,,,,,»,É,Z,
,,,,H,Ü,H,,,,,,
,&,,,,,,∞,º,W,,,
,,,,&,,,,,,,,&
,,,,,,,&,,,,,
»,Ω,W,,,,,,P,Ω,W,,
,,,ò,¶,R,,,,,,,
&,,,,,,∞,º,W,,,,
,,,&,,,,,,,,&,
,,,,,,&,,,,,,X
†,U,,,,,,,®,U,,,
,,`,Ã,",",,,,,,,,&
,,,,,∞,º,W,,,,,
,,&,,,,,,,,&,,
,,,,,&,,,,,,0,¿
I,,,,,,,§,U,,,,
,`,Ã,",",,,,,,,,&,
,,,,∞,º,W,,,,,,
,&,,,,,,,,&,,,
,,,,&,,,,,,»,Ω,W
,,,,,P,Ω,W,,,,,
ò,¶,R,,,,,,,,&,,
,,,∞,º,W,,,,,,,
&,,,,,,,,&,,,,
,,,&,,,,,,»,Ω,W,
,,,,P,Ω,W,,,,,,ò
¶,R,,,,,,,,&,,,
,,∞,º,W,,,,,,,,&
,,,,,,,&,,,,,
,,&,,,,,,h,ƒ,",",,
,,,†,M,U,,,,,, ,À
",",,,,,,,,&,,,,
,∞,º,W,,,,,,,,&,
,,,,,,&,,,,,,
,&,,,,,,»,Ω,W,,,
,,P,Ω,W,,,,,,ò,¶,R
,,,,,,,&,,,,,
∞,º,W,,,,,,,,&,,
,,,,,&,,,,,,,
&,,,,,,0,Ö,Z,,,,
,ò,K,U,,,,,,x,Õ,",",
,,,,,,&,,,,,,∞
º,W,,,,,,,,&,,,
,,,,&,,,,,,,,&
,,,,,»,Ω,W,,,,,
P,Ω,W,,,,,,ò,¶,R,,
,,,,,&,,,,,,∞,º
W,,,,,,,,&,,,,
,,,&,,,,,,,,&,
,,,,X,†,U,,,,,,
®,U,,,,,,`,Ã,",",,,
,,,,&,,,,,,∞,º,W
,,,,,,,&,,,,,
,,&,,,,,,,,&,,
,,,–,è,H,,,,,,∏,N
U,,,,,,X,,A,,,,
,,,&,,,,,,∞,º,W,
,,,,,,&,,,,,,
,&,,,,,,,,&,,,
,,»,Ω,W,,,,,,P,Ω,W
,,,,,ò,¶,R,,,,,
,,&,,,,,,∞,º,W,,
,,,,,&,,,,,,,
&,,,,,,,,&,,,,
,»,Ω,W,,,,,,P,Ω,W,
,,,,ò,¶,R,,,,,,
,&,,,,,,∞,º,W,,,
,,,,&,,,,,,,,&
,,,,,,,&,,,,,
,N,U,,,,,,,§,U,,
,,,`,Ã,",",,,,,,,
&,,,,,,∞,º,W,,,,
,,,&,,,,,,,,&,
,,,,,,&,,,,,,»
Ω,W,,,,,,P,Ω,W,,,
,,ò,¶,R,,,,,,,,&
,,,,,∞,º,W,,,,,
,,&,,,,,,,,&,,
,,,,,&,,,,,,0,Ö
Z,,,,,,ò,K,U,,,,
,x,Õ,",",,,,,,,,&,
,,,,∞,º,W,,,,,,
,&,,,,,,,,&,,,
,,,,&,,,,,,»,Ω,W
,,,,,P,Ω,W,,,,,
ò,¶,R,,,,,,,,&,,
,,,∞,º,W,,,,,,,
&,,,,,,,,&,,,,
,,,&,,,,,,X,†,U,
,,,,,®,U,,,,,,`
Ã,",",,,,,,,,&,,,
,,∞,º,W,,,,,,,,&
,,,,,,,&,,,,,
,,&,,,,,,»,Ω,W,,
,,,p,,A,,,,,,X,
A,,,,,,,,&,,,,
,∞,º,W,,,,,,,,&,
,,,,,,&,,,,,,
,&,,,,,,»,Ω,W,,,
,,P,Ω,W,,,,,,ò,¶,R
,,,,,,,&,,,,,
∞,º,W,,,,,,,,&,,
,,,,,&,,,,,,,
&,,,,,,»,Ω,W,,,,
,P,Ω,W,,,,,,ò,¶,R,
,,,,,,&,,,,,,∞
º,W,,,,,,,,&,,,
,,,,&,,,,,,,,&
,,,,,,N,U,,,,,
,§,U,,,,,,`,Ã,",",,
,,,,,&,,,,,,∞,º
W,,,,,,,,&,,,,
,,,&,,,,,,,,&,
,,,,»,Ω,W,,,,,,P
Ω,W,,,,,,ò,¶,R,,,
,,,,&,,,,,,∞,º,W
,,,,,,,&,,,,,
,,&,,,,,,,,&,,
,,,@,,&,,,,,, ,°
U,,,,,,®,è,H,,,,
,,,&,,,,,,∞,º,W,
,,,,,,&,,,,,,
,&,,,,,,,,&,,,
,,»,Ω,W,,,,,,P,Ω,W
,,,,,ò,¶,R,,,,,
,,&,,,,,,∞,º,W,,
,,,,,&,,,,,,,
&,,,,,,,,&,,,,
,X,†,U,,,,,,,®,U,
,,,,`,Ã,",",,,,,,
,&,,,,,,∞,º,W,,,
,,,,&,,,,,,,,&
,,,,,,,&,,,,,
0,¿,I,,,,,,,§,U,,
,,,`,Ã,",",,,,,,,
&,,,,,,∞,º,W,,,,
,,,&,,,,,,,,&,
,,,,,,&,,,,,,»
Ω,W,,,,,,P,Ω,W,,,
,,ò,¶,R,,,,,,,,&
,,,,,∞,º,W,,,,,
,,&,,,,,,,,&,,
,,,,,&,,,,,,»,Ω
W,,,,,,P,Ω,W,,,,
,ò,¶,R,,,,,,,,&,
,,,,∞,º,W,,,,,,
,&,,,,,,,,&,,,
,,,,&,,,,,,¯,Ä,Z
,,,,,,Ω,W,,,,,
ò,¶,R,,,,,,,,&,,
,,,∞,º,W,,,,,,,
&,,,,,,,,&,,,,
,,,&,,,,,,»,Ω,W,
,,,,P,Ω,W,,,,,,ò
¶,R,,,,,,,,&,,,
,,∞,º,W,,,,,,,,&
,,,,,,,&,,,,,
,,&,,,,,,0,Ö,Z,,
,,,ò,K,U,,,,,,x,Õ
",",,,,,,,,&,,,,
,∞,º,W,,,,,,,,&,
,,,,,,&,,,,,,
,&,,,,,,»,Ω,W,,,
,,P,Ω,W,,,,,,ò,¶,R
,,,,,,,&,,,,,
∞,º,W,,,,,,,,&,,
,,,,,&,,,,,,,
&,,,,,,X,†,U,,,,
,,®,U,,,,,,`,Ã,",",
,,,,,,&,,,,,,∞
º,W,,,,,,,,&,,,
,,,,&,,,,,,,,&
,,,,,H,Ü,H,,,,,
`,Ç,Z,,,,,,P,ç,H,,
,,,,,&,,,,,,∞,º
W,,,,,,,,&,,,,
,,,&,,,,,,,,&,
,,,,»,Ω,W,,,,,,P
Ω,W,,,,,,ò,¶,R,,,
,,,,&,,,,,,∞,º,W
,,,,,,,&,,,,,
,,&,,,,,,,,&,,
,,,»,Ω,W,,,,,,P,Ω
W,,,,,,ò,¶,R,,,,
,,,&,,,,,,∞,º,W,
,,,,,,&,,,,,,
,&,,,,,,,,&,,,
,,,N,U,,,,,,,§,U
,,,,,`,Ã,",",,,,,
,,&,,,,,,∞,º,W,,
,,,,,&,,,,,,,
&,,,,,,,,&,,,,
,»,Ω,W,,,,,,P,Ω,W,
,,,,ò,¶,R,,,,,,
,&,,,,,,∞,º,W,,,
,,,,&,,,,,,,,&
,,,,,,,&,,,,,
0,Ö,Z,,,,,,ò,K,U,,
,,,x,Õ,",",,,,,,,
&,,,,,,∞,º,W,,,,
,,,&,,,,,,,,&,
,,,,,,&,,,,,,»
Ω,W,,,,,,P,Ω,W,,,
,,ò,¶,R,,,,,,,,&
,,,,,∞,º,W,,,,,
,,&,,,,,,,,&,,
,,,,,&,,,,,,X,†
U,,,,,,,®,U,,,,
,`,Ã,",",,,,,,,,&,
,,,,∞,º,W,,,,,,
,&,,,,,,,,&,,,
,,,,&,,,,,,0,¿,I
,,,,,,§,U,,,,,
`,Ã,",",,,,,,,,&,,
,,,∞,º,W,,,,,,,
&,,,,,,,,&,,,,
,,,&,,,,,,»,Ω,W,
,,,,P,Ω,W,,,,,,ò
¶,R,,,,,,,,&,,,
,,∞,º,W,,,,,,,,&
,,,,,,,&,,,,,
,,&,,,,,,»,Ω,W,,
,,,P,Ω,W,,,,,,ò,¶
R,,,,,,,,&,,,,
,∞,º,W,,,,,,,,&,
,,,,,,&,,,,,,
,&,,,,,,¿,,A,,,
,,,¢,U,,,,,,X,,A
,,,,,,,&,,,,,
∞,º,W,,,,,,,,&,,
,,,,,&,,,,,,,
&,,,,,,»,Ω,W,,,,
,P,Ω,W,,,,,,ò,¶,R,
,,,,,,&,,,,,,∞
º,W,,,,,,,,&,,,
,,,,&,,,,,,,,&
,,,,,0,Ö,Z,,,,,
ò,K,U,,,,,,x,Õ,",",,
,,,,,&,,,,,,∞,º
W,,,,,,,,&,,,,
,,,&,,,,,,,,&,
,,,,»,Ω,W,,,,,,P
Ω,W,,,,,,ò,¶,R,,,
,,,,&,,,,,,∞,º,W
,,,,,,,&,,,,,
,,&,,,,,,,,&,,
,,,X,†,U,,,,,,,®
U,,,,,,`,Ã,",",,,,
,,,&,,,,,,∞,º,W,
,,,,,,&,,,,,,
,&,,,,,,,,&,,,
,,,¢,U,,,,,,,§,U
,,,,,`,Ã,",",,,,,
,,&,,,,,,∞,º,W,,
,,,,,&,,,,,,,
&,,,,,,,,&,,,,
,»,Ω,W,,,,,,P,Ω,W,
,,,,ò,¶,R,,,,,,
,&,,,,,,∞,º,W,,,
,,,,&,,,,,,,,&
,,,,,,,&,,,,,
»,Ω,W,,,,,,P,Ω,W,,
,,,ò,¶,R,,,,,,,
&,,,,,,∞,º,W,,,,
,,,&,,,,,,,,&,
,,,,,,&,,,,,,
N,U,,,,,,,§,U,,,
,,`,Ã,",",,,,,,,,&
,,,,,∞,º,W,,,,,
,,&,,,,,,,,&,,
,,,,,&,,,,,,»,Ω
W,,,,,,P,Ω,W,,,,
,ò,¶,R,,,,,,,,&,
,,,,∞,º,W,,,,,,
,&,,,,,,,,&,,,
,,,,&,,,,,,0,Ö,Z
,,,,,ò,K,U,,,,,
x,Õ,",",,,,,,,,&,,
,,,∞,º,W,,,,,,,
&,,,,,,,,&,,,,
,,,&,,,,,,»,Ω,W,
,,,,P,Ω,W,,,,,,ò
¶,R,,,,,,,,&,,,
,,∞,º,W,,,,,,,,&
,,,,,,,&,,,,,
,,&,,,,,,X,†,U,,
,,,,®,U,,,,,,`,Ã
",",,,,,,,,&,,,,
,∞,º,W,,,,,,,,&,
,,,,,,&,,,,,,
,&,,,,,,0,¿,I,,,
,,,§,U,,,,,,`,Ã,","
,,,,,,,&,,,,,
∞,º,W,,,,,,,,&,,
,,,,,&,,,,,,,
&,,,,,,»,Ω,W,,,,
,P,Ω,W,,,,,,ò,¶,R,
,,,,,,&,,,,,,∞
º,W,,,,,,,,&,,,
,,,,&,,,,,,,,&
,,,,,»,Ω,W,,,,,
P,Ω,W,,,,,,ò,¶,R,,
,,,,,&,,,,,,∞,º
W,,,,,,,,&,,,,
,,,&,,,,,,,,&,
,,,,»,£,U,,,,,,‡
æ,W,,,,,,(,ç,H,,,
,,,,&,,,,,,∞,º,W
,,,,,,,&,,,,,
,,&,,,,,,,,&,,
,,,»,Ω,W,,,,,,P,Ω
W,,,,,,ò,¶,R,,,,
,,,&,,,,,,∞,º,W,
,,,,,,&,,,,,,
,&,,,,,,,,&,,,
,,0,Ö,Z,,,,,,ò,K,U
,,,,,x,Õ,",",,,,,
,,&,,,,,,∞,º,W,,
,,,,,&,,,,,,,
&,,,,,,,,&,,,,
,»,Ω,W,,,,,,P,Ω,W,
,,,,ò,¶,R,,,,,,
,&,,,,,,∞,º,W,,,
,,,,&,,,,,,,,&
,,,,,,,&,,,,,
X,†,U,,,,,,,®,U,,
,,,`,Ã,",",,,,,,,
&,,,,,,∞,º,W,,,,
,,,&,,,,,,,,&,
,,,,,,&,,,,,,»
M,U,,,,,,,§,U,,,
,,`,Ã,",",,,,,,,,&
,,,,,∞,º,W,,,,,
,,&,,,,,,,,&,,
,,,,,&,,,,,,»,Ω
W,,,,,,P,Ω,W,,,,
,ò,¶,R,,,,,,,,&,
,,,,∞,º,W,,,,,,
,&,,,,,,,,&,,,
,,,,&,,,,,,»,Ω,W
,,,,,P,Ω,W,,,,,
ò,¶,R,,,,,,,,&,,
,,,∞,º,W,,,,,,,
&,,,,,,,,&,,,,
,,,&,,,,,,,N,U,
,,,,,§,U,,,,,,`
Ã,",",,,,,,,,&,,,
,,∞,º,W,,,,,,,,&
,,,,,,,&,,,,,
,,&,,,,,,»,Ω,W,,
,,,P,Ω,W,,,,,,ò,¶
R,,,,,,,,&,,,,
,∞,º,W,,,,,,,,&,
,,,,,,&,,,,,,
,&,,,,,,h,§,U,,,
,,»,É,Z,,,,,,H,Ü,H
,,,,,,,&,,,,,
∞,º,W,,,,,,,,&,,
,,,,,&,,,,,,,
&,,,,,,»,Ω,W,,,,
,P,Ω,W,,,,,,ò,¶,R,
,,,,,,&,,,,,,∞
º,W,,,,,,,,&,,,
,,,,&,,,,,,,,&
,,,,,X,†,U,,,,,
,®,U,,,,,,`,Ã,",",,
,,,,,&,,,,,,∞,º
W,,,,,,,,&,,,,
,,,&,,,,,,,,&,
,,,,0,¿,I,,,,,,
§,U,,,,,,`,Ã,",",,,
,,,,&,,,,,,∞,º,W
,,,,,,,&,,,,,
,,&,,,,,,,,&,,
,,,»,Ω,W,,,,,,P,Ω
W,,,,,,ò,¶,R,,,,
,,,&,,,,,,∞,º,W,
,,,,,,&,,,,,,
,&,,,,,,,,&,,,
,,»,Ω,W,,,,,,P,Ω,W
,,,,,ò,¶,R,,,,,
,,&,,,,,,∞,º,W,,
,,,,,&,,,,,,,
&,,,,,,,,&,,,,
,¿,,A,,,,,,,¢,U,
,,,,X,,A,,,,,,
,&,,,,,,∞,º,W,,,
,,,,&,,,,,,,,&
,,,,,,,&,,,,,
»,Ω,W,,,,,,P,Ω,W,,
,,,ò,¶,R,,,,,,,
&,,,,,,∞,º,W,,,,
,,,&,,,,,,,,&,
,,,,,,&,,,,,,0
Ö,Z,,,,,,ò,K,U,,,
,,x,Õ,",",,,,,,,,&
,,,,,∞,º,W,,,,,
,,&,,,,,,,,&,,
,,,,,&,,,,,,»,Ω
W,,,,,,P,Ω,W,,,,
,ò,¶,R,,,,,,,,&,
,,,,∞,º,W,,,,,,
,&,,,,,,,,&,,,
,,,,&,,,,,,X,†,U
,,,,,,®,U,,,,,
`,Ã,",",,,,,,,,&,,
,,,∞,º,W,,,,,,,
&,,,,,,,,&,,,,
,,,&,,,,,,H,Ü,H,
,,,,,L,U,,,,,,X
,A,,,,,,,,&,,,
,,∞,º,W,,,,,,,,&
,,,,,,,&,,,,,
,,&,,,,,,»,Ω,W,,
,,,P,Ω,W,,,,,,ò,¶
R,,,,,,,,&,,,,
,∞,º,W,,,,,,,,&,
,,,,,,&,,,,,,
,&,,,,,,»,Ω,W,,,
,,P,Ω,W,,,,,,ò,¶,R
,,,,,,,&,,,,,
∞,º,W,,,,,,,,&,,
,,,,,&,,,,,,,
&,,,,,,,N,U,,,,
,,§,U,,,,,,`,Ã,",",
,,,,,,&,,,,,,∞
º,W,,,,,,,,&,,,
,,,,&,,,,,,,,&
,,,,,»,Ω,W,,,,,
P,Ω,W,,,,,,ò,¶,R,,
,,,,,&,,,,,,∞,º
W,,,,,,,,&,,,,
,,,&,,,,,,,,&,
,,,,0,Ö,Z,,,,,,ò
K,U,,,,,,x,Õ,",",,,
,,,,&,,,,,,∞,º,W
,,,,,,,&,,,,,
,,&,,,,,,,,&,,
,,,»,Ω,W,,,,,,P,Ω
W,,,,,,ò,¶,R,,,,
,,,&,,,,,,∞,º,W,
,,,,,,&,,,,,,
,&,,,,,,,,&,,,
,,X,†,U,,,,,,,®,U
,,,,,`,Ã,",",,,,,
,,&,,,,,,∞,º,W,,
,,,,,&,,,,,,,
&,,,,,,,,&,,,,
,0,¿,I,,,,,,,§,U,
,,,,`,Ã,",",,,,,,
,&,,,,,,∞,º,W,,,
,,,,&,,,,,,,,&
,,,,,,,&,,,,,
»,Ω,W,,,,,,P,Ω,W,,
,,,ò,¶,R,,,,,,,
&,,,,,,∞,º,W,,,,
,,,&,,,,,,,,&,
,,,,,,&,,,,,,»
Ω,W,,,,,,P,Ω,W,,,
,,ò,¶,R,,,,,,,,&
,,,,,∞,º,W,,,,,
,,&,,,,,,,,&,,
,,,,,&,,,,,,∞,¢
U,,,,,,p,Å,Z,,,,
,P,ç,H,,,,,,,,&,
,,,,∞,º,W,,,,,,
,&,,,,,,,,&,,,
,,,,&,,,,,,»,Ω,W
,,,,,P,Ω,W,,,,,
ò,¶,R,,,,,,,,&,,
,,,∞,º,W,,,,,,,
&,,,,,,,,&,,,,
,,,&,,,,,,0,Ö,Z,
,,,,ò,K,U,,,,,,x
Õ,",",,,,,,,,&,,,
,,∞,º,W,,,,,,,,&
,,,,,,,&,,,,,
,,&,,,,,,»,Ω,W,,
,,,P,Ω,W,,,,,,ò,¶
R,,,,,,,,&,,,,
,∞,º,W,,,,,,,,&,
,,,,,,&,,,,,,
,&,,,,,,X,†,U,,,
,,,®,U,,,,,,`,Ã,","
,,,,,,,&,,,,,
∞,º,W,,,,,,,,&,,
,,,,,&,,,,,,,
&,,,,,, ,Å,Z,,,,
,,ß,U,,,,,, ,À,",",
,,,,,,&,,,,,,∞
º,W,,,,,,,,&,,,
,,,,&,,,,,,,,&
,,,,,»,Ω,W,,,,,
P,Ω,W,,,,,,ò,¶,R,,
,,,,,&,,,,,,∞,º
W,,,,,,,,&,,,,
,,,&,,,,,,,,&,
,,,,»,Ω,W,,,,,,P
Ω,W,,,,,,ò,¶,R,,,
,,,,&,,,,,,∞,º,W
,,,,,,,&,,,,,
,,&,,,,,,,,&,,
,,,,N,U,,,,,,,§
U,,,,,,`,Ã,",",,,,
,,,&,,,,,,∞,º,W,
,,,,,,&,,,,,,
,&,,,,,,,,&,,,
,,»,Ω,W,,,,,,P,Ω,W
,,,,,ò,¶,R,,,,,
,,&,,,,,,∞,º,W,,
,,,,,&,,,,,,,
&,,,,,,,,&,,,,
,@,,&,,,,,, ,°,U,
,,,,®,è,H,,,,,,
,&,,,,,,∞,º,W,,,
,,,,&,,,,,,,,&
,,,,,,,&,,,,,
»,Ω,W,,,,,,P,Ω,W,,
,,,ò,¶,R,,,,,,,
&,,,,,,∞,º,W,,,,
,,,&,,,,,,,,&,
,,,,,,&,,,,,,X
†,U,,,,,,,®,U,,,
,,`,Ã,",",,,,,,,,&
,,,,,∞,º,W,,,,,
,,&,,,,,,,,&,,
,,,,,&,,,,,,0,¿
I,,,,,,,§,U,,,,
,`,Ã,",",,,,,,,,&,
,,,,∞,º,W,,,,,,
,&,,,,,,,,&,,,
,,,,&,,,,,,»,Ω,W
,,,,,P,Ω,W,,,,,
ò,¶,R,,,,,,,,&,,
,,,∞,º,W,,,,,,,
&,,,,,,,,&,,,,
,,,&,,,,,,»,Ω,W,
,,,,P,Ω,W,,,,,,ò
¶,R,,,,,,,,&,,,
,,∞,º,W,,,,,,,,&
,,,,,,,&,,,,,
,,&,,,,,,Ë,¡,",",,
,,,ò,Å,Z,,,,,,P,ç
H,,,,,,,,&,,,,
,∞,º,W,,,,,,,,&,
,,,,,,&,,,,,,
,&,,,,,,»,Ω,W,,,
,,P,Ω,W,,,,,,ò,¶,R
,,,,,,,&,,,,,
∞,º,W,,,,,,,,&,,
,,,,,&,,,,,,,
&,,,,,,0,Ö,Z,,,,
,ò,K,U,,,,,,x,Õ,",",
,,,,,,&,,,,,,∞
º,W,,,,,,,,&,,,
,,,,&,,,,,,,,&
,,,,,»,Ω,W,,,,,
P,Ω,W,,,,,,ò,¶,R,,
,,,,,&,,,,,,∞,º
W,,,,,,,,&,,,,
,,,&,,,,,,,,&,
,,,,X,†,U,,,,,,
®,U,,,,,,`,Ã,",",,,
,,,,&,,,,,,∞,º,W
,,,,,,,&,,,,,
,,&,,,,,,,,&,,
,,,Ë,K,U,,,,,,,O
U,,,,,, ,À,",",,,,
,,,&,,,,,,∞,º,W,
,,,,,,&,,,,,,
,&,,,,,,,,&,,,
,,»,Ω,W,,,,,,P,Ω,W
,,,,,ò,¶,R,,,,,
,,&,,,,,,∞,º,W,,
,,,,,&,,,,,,,
&,,,,,,,,&,,,,
,»,Ω,W,,,,,,P,Ω,W,
,,,,ò,¶,R,,,,,,
,&,,,,,,∞,º,W,,,
,,,,&,,,,,,,,&
,,,,,,,&,,,,,
,N,U,,,,,,,§,U,,
,,,`,Ã,",",,,,,,,
&,,,,,,∞,º,W,,,,
,,,&,,,,,,,,&,
,,,,,,&,,,,,,»
Ω,W,,,,,,P,Ω,W,,,
,,ò,¶,R,,,,,,,,&
,,,,,∞,º,W,,,,,
,,&,,,,,,,,&,,
,,,,,&,,,,,,h,§
U,,,,,,»,É,Z,,,,
,H,Ü,H,,,,,,,,&,
,,,,∞,º,W,,,,,,
,&,,,,,,,,&,,,
,,,,&,,,,,,»,Ω,W
,,,,,P,Ω,W,,,,,
ò,¶,R,,,,,,,,&,,
,,,∞,º,W,,,,,,,
&,,,,,,,,&,,,,
,,,&,,,,,,X,†,U,
,,,,,®,U,,,,,,`
Ã,",",,,,,,,,&,,,
,,∞,º,W,,,,,,,,&
,,,,,,,&,,,,,
,,&,,,,,,0,¿,I,,
,,,,§,U,,,,,,`,Ã
",",,,,,,,,&,,,,
,∞,º,W,,,,,,,,&,
,,,,,,&,,,,,,
,&,,,,,,»,Ω,W,,,
,,P,Ω,W,,,,,,ò,¶,R
,,,,,,,&,,,,,
∞,º,W,,,,,,,,&,,
,,,,,&,,,,,,,
&,,,,,,»,Ω,W,,,,
,P,Ω,W,,,,,,ò,¶,R,
,,,,,,&,,,,,,∞
º,W,,,,,,,,&,,,
,,,,&,,,,,,,,&
,,,,,Ë,K,U,,,,,
,á,H,,,,,,X,,A,,
,,,,,&,,,,,,∞,º
W,,,,,,,,&,,,,
,,,&,,,,,,,,&,
,,,,»,Ω,W,,,,,,P
Ω,W,,,,,,ò,¶,R,,,
,,,,&,,,,,,∞,º,W
,,,,,,,&,,,,,
,,&,,,,,,,,&,,
,,,0,Ö,Z,,,,,,ò,K
U,,,,,,x,Õ,",",,,,
,,,&,,,,,,∞,º,W,
,,,,,,&,,,,,,
,&,,,,,,,,&,,,
,,»,Ω,W,,,,,,P,Ω,W
,,,,,ò,¶,R,,,,,
,,&,,,,,,∞,º,W,,
,,,,,&,,,,,,,
&,,,,,,,,&,,,,
,X,†,U,,,,,,,®,U,
,,,,`,Ã,",",,,,,,
,&,,,,,,∞,º,W,,,
,,,,&,,,,,,,,&
,,,,,,,&,,,,,
H,Ü,H,,,,,,`,Ç,Z,,
,,,P,ç,H,,,,,,,
&,,,,,,∞,º,W,,,,
,,,&,,,,,,,,&,
,,,,,,&,,,,,,»
Ω,W,,,,,,P,Ω,W,,,
,,ò,¶,R,,,,,,,,&
,,,,,∞,º,W,,,,,
,,&,,,,,,,,&,,
,,,,,&,,,,,,»,Ω
W,,,,,,P,Ω,W,,,,
,ò,¶,R,,,,,,,,&,
,,,,∞,º,W,,,,,,
,&,,,,,,,,&,,,
,,,,&,,,,,,,N,U
,,,,,,§,U,,,,,
`,Ã,",",,,,,,,,&,,
,,,∞,º,W,,,,,,,
&,,,,,,,,&,,,,
,,,&,,,,,,»,Ω,W,
,,,,P,Ω,W,,,,,,ò
¶,R,,,,,,,,&,,,
,,∞,º,W,,,,,,,,&
,,,,,,,&,,,,,
,,&,,,,,,h,§,U,,
,,,»,É,Z,,,,,,H,Ü
H,,,,,,,,&,,,,
,∞,º,W,,,,,,,,&,
,,,,,,&,,,,,,
,&,,,,,,»,Ω,W,,,
,,P,Ω,W,,,,,,ò,¶,R
,,,,,,,&,,,,,
∞,º,W,,,,,,,,&,,
,,,,,&,,,,,,,
&,,,,,,X,†,U,,,,
,,®,U,,,,,,`,Ã,",",
,,,,,,&,,,,,,∞
º,W,,,,,,,,&,,,
,,,,&,,,,,,,,&
,,,,,0,¿,I,,,,,
,§,U,,,,,,`,Ã,",",,
,,,,,&,,,,,,∞,º
W,,,,,,,,&,,,,
,,,&,,,,,,,,&,
,,,,»,Ω,W,,,,,,P
Ω,W,,,,,,ò,¶,R,,,
,,,,&,,,,,,∞,º,W
,,,,,,,&,,,,,
,,&,,,,,,,,&,,
,,,»,Ω,W,,,,,,P,Ω
W,,,,,,ò,¶,R,,,,
,,,&,,,,,,∞,º,W,
,,,,,,&,,,,,,
,&,,,,,,,,&,,,
,,h,ƒ,",",,,,,,†,M,U
,,,,, ,À,",",,,,,
,,&,,,,,,∞,º,W,,
,,,,,&,,,,,,,
&,,,,,,,,&,,,,
,»,Ω,W,,,,,,P,Ω,W,
,,,,ò,¶,R,,,,,,
,&,,,,,,∞,º,W,,,
,,,,&,,,,,,,,&
,,,,,,,&,,,,,
0,Ö,Z,,,,,,ò,K,U,,
,,,x,Õ,",",,,,,,,
&,,,,,,∞,º,W,,,,
,,,&,,,,,,,,&,
,,,,,,&,,,,,,»
Ω,W,,,,,,P,Ω,W,,,
,,ò,¶,R,,,,,,,,&
,,,,,∞,º,W,,,,,
,,&,,,,,,,,&,,
,,,,,&,,,,,,X,†
U,,,,,,,®,U,,,,
,`,Ã,",",,,,,,,,&,
,,,,∞,º,W,,,,,,
,&,,,,,,,,&,,,
,,,,&,,,,,,Ë,K,U
,,,,,,O,U,,,,,
 ,À,",",,,,,,,,&,,
,,,∞,º,W,,,,,,,
&,,,,,,,,&,,,,
,,,&,,,,,,»,Ω,W,
,,,,P,Ω,W,,,,,,ò
¶,R,,,,,,,,&,,,
,,∞,º,W,,,,,,,,&
,,,,,,,&,,,,,
,,&,,,,,,»,Ω,W,,
,,,P,Ω,W,,,,,,ò,¶
R,,,,,,,,&,,,,
,∞,º,W,,,,,,,,&,
,,,,,,&,,,,,,
,&,,,,,,,N,U,,,
,,,§,U,,,,,,`,Ã,","
,,,,,,,&,,,,,
∞,º,W,,,,,,,,&,,
,,,,,&,,,,,,,
&,,,,,,»,Ω,W,,,,
,P,Ω,W,,,,,,ò,¶,R,
,,,,,,&,,,,,,∞
º,W,,,,,,,,&,,,
,,,,&,,,,,,,,&
,,,,,h,§,U,,,,,
»,É,Z,,,,,,H,Ü,H,,
,,,,,&,,,,,,∞,º
W,,,,,,,,&,,,,
,,,&,,,,,,,,&,
,,,,»,Ω,W,,,,,,P
Ω,W,,,,,,ò,¶,R,,,
,,,,&,,,,,,∞,º,W
,,,,,,,&,,,,,
,,&,,,,,,,,&,,
,,,X,†,U,,,,,,,®
U,,,,,,`,Ã,",",,,,
,,,&,,,,,,∞,º,W,
,,,,,,&,,,,,,
,&,,,,,,,,&,,,
,,0,¿,I,,,,,,,§,U
,,,,,`,Ã,",",,,,,
,,&,,,,,,∞,º,W,,
,,,,,&,,,,,,,
&,,,,,,,,&,,,,
,»,Ω,W,,,,,,P,Ω,W,
,,,,ò,¶,R,,,,,,
,&,,,,,,∞,º,W,,,
,,,,&,,,,,,,,&
,,,,,,,&,,,,,
»,Ω,W,,,,,,P,Ω,W,,
,,,ò,¶,R,,,,,,,
&,,,,,,∞,º,W,,,,
,,,&,,,,,,,,&,
,,,,,,&,,,,,,h
ƒ,",",,,,,,†,M,U,,,
,, ,À,",",,,,,,,,&
,,,,,∞,º,W,,,,,
,,&,,,,,,,,&,,
,,,,,&,,,,,,»,Ω
W,,,,,,P,Ω,W,,,,
,ò,¶,R,,,,,,,,&,
,,,,∞,º,W,,,,,,
,&,,,,,,,,&,,,
,,,,&,,,,,,0,Ö,Z
,,,,,ò,K,U,,,,,
x,Õ,",",,,,,,,,&,,
,,,∞,º,W,,,,,,,
&,,,,,,,,&,,,,
,,,&,,,,,,»,Ω,W,
,,,,P,Ω,W,,,,,,ò
¶,R,,,,,,,,&,,,
,,∞,º,W,,,,,,,,&
,,,,,,,&,,,,,
,,&,,,,,,X,†,U,,
,,,,®,U,,,,,,`,Ã
",",,,,,,,,&,,,,
,∞,º,W,,,,,,,,&,
,,,,,,&,,,,,,
,&,,,,,,@,æ,W,,,
,,¿,Å,Z,,,,,,P,ç,H
,,,,,,,&,,,,,
∞,º,W,,,,,,,,&,,
,,,,,&,,,,,,,
&,,,,,,»,Ω,W,,,,
,P,Ω,W,,,,,,ò,¶,R,
,,,,,,&,,,,,,∞
º,W,,,,,,,,&,,,
,,,,&,,,,,,,,&
,,,,,»,Ω,W,,,,,
P,Ω,W,,,,,,ò,¶,R,,
,,,,,&,,,,,,∞,º
W,,,,,,,,&,,,,
,,,&,,,,,,,,&,
,,,,,N,U,,,,,,
§,U,,,,,,`,Ã,",",,,
,,,,&,,,,,,∞,º,W
,,,,,,,&,,,,,
,,&,,,,,,,,&,,
,,,»,Ω,W,,,,,,P,Ω
W,,,,,,ò,¶,R,,,,
,,,&,,,,,,∞,º,W,
,,,,,,&,,,,,,
,&,,,,,,,,&,,,
,,0,Ö,Z,,,,,,ò,K,U
,,,,,x,Õ,",",,,,,
,,&,,,,,,∞,º,W,,
,,,,,&,,,,,,,
&,,,,,,,,&,,,,
,»,Ω,W,,,,,,P,Ω,W,
,,,,ò,¶,R,,,,,,
,&,,,,,,∞,º,W,,,
,,,,&,,,,,,,,&
,,,,,,,&,,,,,
X,†,U,,,,,,,®,U,,
,,,`,Ã,",",,,,,,,
&,,,,,,∞,º,W,,,,
,,,&,,,,,,,,&,
,,,,,,&,,,,,,0
¿,I,,,,,,,§,U,,,
,,`,Ã,",",,,,,,,,&
,,,,,∞,º,W,,,,,
,,&,,,,,,,,&,,
,,,,,&,,,,,,»,Ω
W,,,,,,P,Ω,W,,,,
,ò,¶,R,,,,,,,,&,
,,,,∞,º,W,,,,,,
,&,,,,,,,,&,,,
,,,,&,,,,,,»,Ω,W
,,,,,P,Ω,W,,,,,
ò,¶,R,,,,,,,,&,,
,,,∞,º,W,,,,,,,
&,,,,,,,,&,,,,
,,,&,,,,,,h,ƒ,",",
,,,,†,M,U,,,,,, 
À,",",,,,,,,,&,,,
,,∞,º,W,,,,,,,,&
,,,,,,,&,,,,,
,,&,,,,,,»,Ω,W,,
,,,P,Ω,W,,,,,,ò,¶
R,,,,,,,,&,,,,
,∞,º,W,,,,,,,,&,
,,,,,,&,,,,,,
,&,,,,,,0,Ö,Z,,,
,,ò,K,U,,,,,,x,Õ,","
,,,,,,,&,,,,,
∞,º,W,,,,,,,,&,,
,,,,,&,,,,,,,
&,,,,,,»,Ω,W,,,,
,P,Ω,W,,,,,,ò,¶,R,
,,,,,,&,,,,,,∞
º,W,,,,,,,,&,,,
,,,,&,,,,,,,,&
,,,,,X,†,U,,,,,
,®,U,,,,,,`,Ã,",",,
,,,,,&,,,,,,∞,º
W,,,,,,,,&,,,,
,,,&,,,,,,,,&,
,,,,–,è,H,,,,,,∏
N,U,,,,,,X,,A,,,
,,,,&,,,,,,∞,º,W
,,,,,,,&,,,,,
,,&,,,,,,,,&,,
,,,»,Ω,W,,,,,,P,Ω
W,,,,,,ò,¶,R,,,,
,,,&,,,,,,∞,º,W,
,,,,,,&,,,,,,
,&,,,,,,,,&,,,
,,»,Ω,W,,,,,,P,Ω,W
,,,,,ò,¶,R,,,,,
,,&,,,,,,∞,º,W,,
,,,,,&,,,,,,,
&,,,,,,,,&,,,,
,,N,U,,,,,,,§,U,
,,,,`,Ã,",",,,,,,
,&,,,,,,∞,º,W,,,
,,,,&,,,,,,,,&
,,,,,,,&,,,,,
»,Ω,W,,,,,,P,Ω,W,,
,,,ò,¶,R,,,,,,,
&,,,,,,∞,º,W,,,,
,,,&,,,,,,,,&,
,,,,,,&,,,,,,h
§,U,,,,,,»,É,Z,,,
,,H,Ü,H,,,,,,,,&
,,,,,∞,º,W,,,,,
,,&,,,,,,,,&,,
,,,,,&,,,,,,»,Ω
W,,,,,,P,Ω,W,,,,
,ò,¶,R,,,,,,,,&,
,,,,∞,º,W,,,,,,
,&,,,,,,,,&,,,
,,,,&,,,,,,X,†,U
,,,,,,®,U,,,,,
`,Ã,",",,,,,,,,&,,
,,,∞,º,W,,,,,,,
&,,,,,,,,&,,,,
,,,&,,,,,,0,¿,I,
,,,,,§,U,,,,,,`
Ã,",",,,,,,,,&,,,
,,∞,º,W,,,,,,,,&
,,,,,,,&,,,,,
,,&,,,,,,»,Ω,W,,
,,,P,Ω,W,,,,,,ò,¶
R,,,,,,,,&,,,,
,∞,º,W,,,,,,,,&,
,,,,,,&,,,,,,
,&,,,,,,»,Ω,W,,,
,,P,Ω,W,,,,,,ò,¶,R
,,,,,,,&,,,,,
∞,º,W,,,,,,,,&,,
,,,,,&,,,,,,,
&,,,,,,X,†,U,,,,
,¿,,&,,,,,,X,,A,
,,,,,,&,,,,,,∞
º,W,,,,,,,,&,,,
,,,,&,,,,,,,,&
,,,,,»,Ω,W,,,,,
P,Ω,W,,,,,,ò,¶,R,,
,,,,,&,,,,,,∞,º
W,,,,,,,,&,,,,
,,,&,,,,,,,,&,
,,,,0,Ö,Z,,,,,,ò
K,U,,,,,,x,Õ,",",,,
,,,,&,,,,,,∞,º,W
,,,,,,,&,,,,,
,,&,,,,,,,,&,,
,,,»,Ω,W,,,,,,P,Ω
W,,,,,,ò,¶,R,,,,
,,,&,,,,,,∞,º,W,
,,,,,,&,,,,,,
,&,,,,,,,,&,,,
,,X,†,U,,,,,,,®,U
,,,,,`,Ã,",",,,,,
,,&,,,,,,∞,º,W,,
,,,,,&,,,,,,,
&,,,,,,,,&,,,,
,@,æ,W,,,,,,¿,Å,Z,
,,,,P,ç,H,,,,,,
,&,,,,,,∞,º,W,,,
,,,,&,,,,,,,,&
,,,,,,,&,,,,,
»,Ω,W,,,,,,P,Ω,W,,
,,,ò,¶,R,,,,,,,
&,,,,,,∞,º,W,,,,
,,,&,,,,,,,,&,
,,,,,,&,,,,,,»
Ω,W,,,,,,P,Ω,W,,,
,,ò,¶,R,,,,,,,,&
,,,,,∞,º,W,,,,,
,,&,,,,,,,,&,,
,,,,,&,,,,,,,N
U,,,,,,,§,U,,,,
,`,Ã,",",,,,,,,,&,
,,,,∞,º,W,,,,,,
,&,,,,,,,,&,,,
,,,,&,,,,,,»,Ω,W
,,,,,P,Ω,W,,,,,
ò,¶,R,,,,,,,,&,,
,,,∞,º,W,,,,,,,
&,,,,,,,,&,,,,
,,,&,,,,,,0,Ö,Z,
,,,,ò,K,U,,,,,,x
Õ,",",,,,,,,,&,,,
,,∞,º,W,,,,,,,,&
,,,,,,,&,,,,,
,,&,,,,,,»,Ω,W,,
,,,P,Ω,W,,,,,,ò,¶
R,,,,,,,,&,,,,
,∞,º,W,,,,,,,,&,
,,,,,,&,,,,,,
,&,,,,,,X,†,U,,,
,,,®,U,,,,,,`,Ã,","
,,,,,,,&,,,,,
∞,º,W,,,,,,,,&,,
,,,,,&,,,,,,,
&,,,,,,0,¿,I,,,,
,,§,U,,,,,,`,Ã,",",
,,,,,,&,,,,,,∞
º,W,,,,,,,,&,,,
,,,,&,,,,,,,,&
,,,,,»,Ω,W,,,,,
P,Ω,W,,,,,,ò,¶,R,,
,,,,,&,,,,,,∞,º
W,,,,,,,,&,,,,
,,,&,,,,,,,,&,
,,,,»,Ω,W,,,,,,P
Ω,W,,,,,,ò,¶,R,,,
,,,,&,,,,,,∞,º,W
,,,,,,,&,,,,,
,,&,,,,,,,,&,,
,,,Ë,¡,",",,,,,,ò,Å
Z,,,,,,P,ç,H,,,,
,,,&,,,,,,∞,º,W,
,,,,,,&,,,,,,
,&,,,,,,,,&,,,
,,»,Ω,W,,,,,,P,Ω,W
,,,,,ò,¶,R,,,,,
,,&,,,,,,∞,º,W,,
,,,,,&,,,,,,,
&,,,,,,,,&,,,,
,0,Ö,Z,,,,,,ò,K,U,
,,,,x,Õ,",",,,,,,
,&,,,,,,∞,º,W,,,
,,,,&,,,,,,,,&
,,,,,,,&,,,,,
»,Ω,W,,,,,,P,Ω,W,,
,,,ò,¶,R,,,,,,,
&,,,,,,∞,º,W,,,,
,,,&,,,,,,,,&,
,,,,,,&,,,,,,X
†,U,,,,,,,®,U,,,
,,`,Ã,",",,,,,,,,&
,,,,,∞,º,W,,,,,
,,&,,,,,,,,&,,
,,,,,&,,,,,,–,è
H,,,,,,∏,N,U,,,,
,X,,A,,,,,,,,&,
,,,,∞,º,W,,,,,,
,&,,,,,,,,&,,,
,,,,&,,,,,,»,Ω,W
,,,,,P,Ω,W,,,,,
ò,¶,R,,,,,,,,&,,
,,,∞,º,W,,,,,,,
&,,,,,,,,&,,,,
,,,&,,,,,,»,Ω,W,
,,,,P,Ω,W,,,,,,ò
¶,R,,,,,,,,&,,,
,,∞,º,W,,,,,,,,&
,,,,,,,&,,,,,
,,&,,,,,,,N,U,,
,,,,§,U,,,,,,`,Ã
",",,,,,,,,&,,,,
,∞,º,W,,,,,,,,&,
,,,,,,&,,,,,,
,&,,,,,,»,Ω,W,,,
,,P,Ω,W,,,,,,ò,¶,R
,,,,,,,&,,,,,
∞,º,W,,,,,,,,&,,
,,,,,&,,,,,,,
&,,,,,,0,Ö,Z,,,,
,ò,K,U,,,,,,x,Õ,",",
,,,,,,&,,,,,,∞
º,W,,,,,,,,&,,,
,,,,&,,,,,,,,&
,,,,,»,Ω,W,,,,,
P,Ω,W,,,,,,ò,¶,R,,
,,,,,&,,,,,,∞,º
W,,,,,,,,&,,,,
,,,&,,,,,,,,&,
,,,,X,†,U,,,,,,
®,U,,,,,,`,Ã,",",,,
,,,,&,,,,,,∞,º,W
,,,,,,,&,,,,,
,,&,,,,,,,,&,,
,,,0,¿,I,,,,,,,§
U,,,,,,`,Ã,",",,,,
,,,&,,,,,,∞,º,W,
,,,,,,&,,,,,,
,&,,,,,,,,&,,,
,,»,Ω,W,,,,,,P,Ω,W
,,,,,ò,¶,R,,,,,
,,&,,,,,,∞,º,W,,
,,,,,&,,,,,,,
&,,,,,,,,&,,,,
,»,Ω,W,,,,,,P,Ω,W,
,,,,ò,¶,R,,,,,,
,&,,,,,,∞,º,W,,,
,,,,&,,,,,,,,&
,,,,,,,&,,,,,
‡,,A,,,,,,Ë,¶,U,,
,,,X,,A,,,,,,,
&,,,,,,∞,º,W,,,,
,,,&,,,,,,,,&,
,,,,,,&,,,,,,»
Ω,W,,,,,,P,Ω,W,,,
,,ò,¶,R,,,,,,,,&
,,,,,∞,º,W,,,,,
,,&,,,,,,,,&,,
,,,,,&,,,,,,0,Ö
Z,,,,,,ò,K,U,,,,
,x,Õ,",",,,,,,,,&,
,,,,∞,º,W,,,,,,
,&,,,,,,,,&,,,
,,,,&,,,,,,»,Ω,W
,,,,,P,Ω,W,,,,,
ò,¶,R,,,,,,,,&,,
,,,∞,º,W,,,,,,,
&,,,,,,,,&,,,,
,,,&,,,,,,X,†,U,
,,,,,®,U,,,,,,`
Ã,",",,,,,,,,&,,,
,,∞,º,W,,,,,,,,&
,,,,,,,&,,,,,
,,&,,,,,,–,è,H,,
,,,∏,N,U,,,,,,X,
A,,,,,,,,&,,,,
,∞,º,W,,,,,,,,&,
,,,,,,&,,,,,,
,&,,,,,,»,Ω,W,,,
,,P,Ω,W,,,,,,ò,¶,R
,,,,,,,&,,,,,
∞,º,W,,,,,,,,&,,
,,,,,&,,,,,,,
&,,,,,,»,Ω,W,,,,
,P,Ω,W,,,,,,ò,¶,R,
,,,,,,&,,,,,,∞
º,W,,,,,,,,&,,,
,,,,&,,,,,,,,&
,,,,,,N,U,,,,,
,§,U,,,,,,`,Ã,",",,
,,,,,&,,,,,,∞,º
W,,,,,,,,&,,,,
,,,&,,,,,,,,&,
,,,,»,Ω,W,,,,,,P
Ω,W,,,,,,ò,¶,R,,,
,,,,&,,,,,,∞,º,W
,,,,,,,&,,,,,
,,&,,,,,,,,&,,
,,,(,,&,,,,,,8,ß
U,,,,,,®,è,H,,,,
,,,&,,,,,,∞,º,W,
,,,,,,&,,,,,,
,&,,,,,,,,&,,,
,,»,Ω,W,,,,,,P,Ω,W
,,,,,ò,¶,R,,,,,
,,&,,,,,,∞,º,W,,
,,,,,&,,,,,,,
&,,,,,,,,&,,,,
,X,†,U,,,,,,,®,U,
,,,,`,Ã,",",,,,,,
,&,,,,,,∞,º,W,,,
,,,,&,,,,,,,,&
,,,,,,,&,,,,,
0,¿,I,,,,,,,§,U,,
,,,`,Ã,",",,,,,,,
&,,,,,,∞,º,W,,,,
,,,&,,,,,,,,&,
,,,,,,&,,,,,,»
Ω,W,,,,,,P,Ω,W,,,
,,ò,¶,R,,,,,,,,&
,,,,,∞,º,W,,,,,
,,&,,,,,,,,&,,
,,,,,&,,,,,,»,Ω
W,,,,,,P,Ω,W,,,,
,ò,¶,R,,,,,,,,&,
,,,,∞,º,W,,,,,,
,&,,,,,,,,&,,,
,,,,&,,,,,,†,M,U
,,,,,h,æ,W,,,,,
(,ç,H,,,,,,,,&,,
,,,∞,º,W,,,,,,,
&,,,,,,,,&,,,,
,,,&,,,,,,»,Ω,W,
,,,,P,Ω,W,,,,,,ò
¶,R,,,,,,,,&,,,
,,∞,º,W,,,,,,,,&
,,,,,,,&,,,,,
,,&,,,,,,0,Ö,Z,,
,,,ò,K,U,,,,,,x,Õ
",",,,,,,,,&,,,,
,∞,º,W,,,,,,,,&,
,,,,,,&,,,,,,
,&,,,,,,»,Ω,W,,,
,,P,Ω,W,,,,,,ò,¶,R
,,,,,,,&,,,,,
∞,º,W,,,,,,,,&,,
,,,,,&,,,,,,,
&,,,,,,X,†,U,,,,
,,®,U,,,,,,`,Ã,",",
,,,,,,&,,,,,,∞
º,W,,,,,,,,&,,,
,,,,&,,,,,,,,&
,,,,,H,Ü,H,,,,,
`,Ç,Z,,,,,,P,ç,H,,
,,,,,&,,,,,,∞,º
W,,,,,,,,&,,,,
,,,&,,,,,,,,&,
,,,,»,Ω,W,,,,,,P
Ω,W,,,,,,ò,¶,R,,,
,,,,&,,,,,,∞,º,W
,,,,,,,&,,,,,
,,&,,,,,,,,&,,
,,,»,Ω,W,,,,,,P,Ω
W,,,,,,ò,¶,R,,,,
,,,&,,,,,,∞,º,W,
,,,,,,&,,,,,,
,&,,,,,,,,&,,,
,,,N,U,,,,,,,§,U
,,,,,`,Ã,",",,,,,
,,&,,,,,,∞,º,W,,
,,,,,&,,,,,,,
&,,,,,,,,&,,,,
,»,Ω,W,,,,,,P,Ω,W,
,,,,ò,¶,R,,,,,,
,&,,,,,,∞,º,W,,,
,,,,&,,,,,,,,&
,,,,,,,&,,,,,
h,§,U,,,,,,»,É,Z,,
,,,H,Ü,H,,,,,,,
&,,,,,,∞,º,W,,,,
,,,&,,,,,,,,&,
,,,,,,&,,,,,,»
Ω,W,,,,,,P,Ω,W,,,
,,ò,¶,R,,,,,,,,&
,,,,,∞,º,W,,,,,
,,&,,,,,,,,&,,
,,,,,&,,,,,,X,†
U,,,,,,,®,U,,,,
,`,Ã,",",,,,,,,,&,
,,,,∞,º,W,,,,,,
,&,,,,,,,,&,,,
,,,,&,,,,,,0,¿,I
,,,,,,§,U,,,,,
`,Ã,",",,,,,,,,&,,
,,,∞,º,W,,,,,,,
&,,,,,,,,&,,,,
,,,&,,,,,,»,Ω,W,
,,,,P,Ω,W,,,,,,ò
¶,R,,,,,,,,&,,,
,,∞,º,W,,,,,,,,&
,,,,,,,&,,,,,
,,&,,,,,,»,Ω,W,,
,,,P,Ω,W,,,,,,ò,¶
R,,,,,,,,&,,,,
,∞,º,W,,,,,,,,&,
,,,,,,&,,,,,,
,&,,,,,,H,Ü,H,,,
,,`,Ç,Z,,,,,,H,Ü,H
,,,,,,,&,,,,,
∞,º,W,,,,,,,,&,,
,,,,,&,,,,,,,
&,,,,,,»,Ω,W,,,,
,P,Ω,W,,,,,,ò,¶,R,
,,,,,,&,,,,,,∞
º,W,,,,,,,,&,,,
,,,,&,,,,,,,,&
,,,,,0,Ö,Z,,,,,
ò,K,U,,,,,,x,Õ,",",,
,,,,,&,,,,,,∞,º
W,,,,,,,,&,,,,
,,,&,,,,,,,,&,
,,,,»,Ω,W,,,,,,P
Ω,W,,,,,,ò,¶,R,,,
,,,,&,,,,,,∞,º,W
,,,,,,,&,,,,,
,,&,,,,,,,,&,,
,,,X,†,U,,,,,,,®
U,,,,,,`,Ã,",",,,,
,,,&,,,,,,∞,º,W,
,,,,,,&,,,,,,
,&,,,,,,,,&,,,
,,H,Ü,H,,,,,,`,Ç,Z
,,,,,P,ç,H,,,,,
,,&,,,,,,∞,º,W,,
,,,,,&,,,,,,,
&,,,,,,,,&,,,,
,»,Ω,W,,,,,,P,Ω,W,
,,,,ò,¶,R,,,,,,
,&,,,,,,∞,º,W,,,
,,,,&,,,,,,,,&
,,,,,,,&,,,,,
»,Ω,W,,,,,,P,Ω,W,,
,,,ò,¶,R,,,,,,,
&,,,,,,∞,º,W,,,,
,,,&,,,,,,,,&,
,,,,,,&,,,,,,
N,U,,,,,,,§,U,,,
,,`,Ã,",",,,,,,,,&
,,,,,∞,º,W,,,,,
,,&,,,,,,,,&,,
,,,,,&,,,,,,»,Ω
W,,,,,,P,Ω,W,,,,
,ò,¶,R,,,,,,,,&,
,,,,∞,º,W,,,,,,
,&,,,,,,,,&,,,
,,,,&,,,,,,(,,&
,,,,,8,ß,U,,,,,
®,è,H,,,,,,,,&,,
,,,∞,º,W,,,,,,,
&,,,,,,,,&,,,,
,,,&,,,,,,»,Ω,W,
,,,,P,Ω,W,,,,,,ò
¶,R,,,,,,,,&,,,
,,∞,º,W,,,,,,,,&
,,,,,,,&,,,,,
,,&,,,,,,X,†,U,,
,,,,®,U,,,,,,`,Ã
",",,,,,,,,&,,,,
,∞,º,W,,,,,,,,&,
,,,,,,&,,,,,,
,&,,,,,,0,¿,I,,,
,,,§,U,,,,,,`,Ã,","
,,,,,,,&,,,,,
∞,º,W,,,,,,,,&,,
,,,,,&,,,,,,,
&,,,,,,»,Ω,W,,,,
,P,Ω,W,,,,,,ò,¶,R,
,,,,,,&,,,,,,∞
º,W,,,,,,,,&,,,
,,,,&,,,,,,,,&
,,,,,»,Ω,W,,,,,
P,Ω,W,,,,,,ò,¶,R,,
,,,,,&,,,,,,∞,º
W,,,,,,,,&,,,,
,,,&,,,,,,,,&,
,,,,@,æ,W,,,,,,0
O,U,,,,,,X,,A,,,
,,,,&,,,,,,∞,º,W
,,,,,,,&,,,,,
,,&,,,,,,,,&,,
,,,»,Ω,W,,,,,,P,Ω
W,,,,,,ò,¶,R,,,,
,,,&,,,,,,∞,º,W,
,,,,,,&,,,,,,
,&,,,,,,,,&,,,
,,0,Ö,Z,,,,,,ò,K,U
,,,,,x,Õ,",",,,,,
,,&,,,,,,∞,º,W,,
,,,,,&,,,,,,,
&,,,,,,,,&,,,,
,»,Ω,W,,,,,,P,Ω,W,
,,,,ò,¶,R,,,,,,
,&,,,,,,∞,º,W,,,
,,,,&,,,,,,,,&
,,,,,,,&,,,,,
X,†,U,,,,,,,®,U,,
,,,`,Ã,",",,,,,,,
&,,,,,,∞,º,W,,,,
,,,&,,,,,,,,&,
,,,,,,&,,,,,,»
M,U,,,,,,,§,U,,,
,,`,Ã,",",,,,,,,,&
,,,,,∞,º,W,,,,,
,,&,,,,,,,,&,,
,,,,,&,,,,,,»,Ω
W,,,,,,P,Ω,W,,,,
,ò,¶,R,,,,,,,,&,
,,,,∞,º,W,,,,,,
,&,,,,,,,,&,,,
,,,,&,,,,,,»,Ω,W
,,,,,P,Ω,W,,,,,
ò,¶,R,,,,,,,,&,,
,,,∞,º,W,,,,,,,
&,,,,,,,,&,,,,
,,,&,,,,,,,N,U,
,,,,,§,U,,,,,,`
Ã,",",,,,,,,,&,,,
,,∞,º,W,,,,,,,,&
,,,,,,,&,,,,,
,,&,,,,,,»,Ω,W,,
,,,P,Ω,W,,,,,,ò,¶
R,,,,,,,,&,,,,
,∞,º,W,,,,,,,,&,
,,,,,,&,,,,,,
,&,,,,,,0,Ö,Z,,,
,,ò,K,U,,,,,,x,Õ,","
,,,,,,,&,,,,,
∞,º,W,,,,,,,,&,,
,,,,,&,,,,,,,
&,,,,,,»,Ω,W,,,,
,P,Ω,W,,,,,,ò,¶,R,
,,,,,,&,,,,,,∞
º,W,,,,,,,,&,,,
,,,,&,,,,,,,,&
,,,,,X,†,U,,,,,
,®,U,,,,,,`,Ã,",",,
,,,,,&,,,,,,∞,º
W,,,,,,,,&,,,,
,,,&,,,,,,,,&,
,,,,0,¿,I,,,,,,
§,U,,,,,,`,Ã,",",,,
,,,,&,,,,,,∞,º,W
,,,,,,,&,,,,,
,,&,,,,,,,,&,,
,,,»,Ω,W,,,,,,P,Ω
W,,,,,,ò,¶,R,,,,
,,,&,,,,,,∞,º,W,
,,,,,,&,,,,,,
,&,,,,,,,,&,,,
,,»,Ω,W,,,,,,P,Ω,W
,,,,,ò,¶,R,,,,,
,,&,,,,,,∞,º,W,,
,,,,,&,,,,,,,
&,,,,,,,,&,,,,
,@,æ,W,,,,,,0,O,U,
,,,,X,,A,,,,,,
,&,,,,,,∞,º,W,,,
,,,,&,,,,,,,,&
,,,,,,,&,,,,,
»,Ω,W,,,,,,P,Ω,W,,
,,,ò,¶,R,,,,,,,
&,,,,,,∞,º,W,,,,
,,,&,,,,,,,,&,
,,,,,,&,,,,,,0
Ö,Z,,,,,,ò,K,U,,,
,,x,Õ,",",,,,,,,,&
,,,,,∞,º,W,,,,,
,,&,,,,,,,,&,,
,,,,,&,,,,,,»,Ω
W,,,,,,P,Ω,W,,,,
,ò,¶,R,,,,,,,,&,
,,,,∞,º,W,,,,,,
,&,,,,,,,,&,,,
,,,,&,,,,,,X,†,U
,,,,,,®,U,,,,,
`,Ã,",",,,,,,,,&,,
,,,∞,º,W,,,,,,,
&,,,,,,,,&,,,,
,,,&,,,,,,»,Ω,W,
,,,,p,,A,,,,,,X
,A,,,,,,,,&,,,
,,∞,º,W,,,,,,,,&
,,,,,,,&,,,,,
,,&,,,,,,»,Ω,W,,
,,,P,Ω,W,,,,,,ò,¶
R,,,,,,,,&,,,,
,∞,º,W,,,,,,,,&,
,,,,,,&,,,,,,
,&,,,,,,»,Ω,W,,,
,,P,Ω,W,,,,,,ò,¶,R
,,,,,,,&,,,,,
∞,º,W,,,,,,,,&,,
,,,,,&,,,,,,,
&,,,,,,,N,U,,,,
,,§,U,,,,,,`,Ã,",",
,,,,,,&,,,,,,∞
º,W,,,,,,,,&,,,
,,,,&,,,,,,,,&
,,,,,»,Ω,W,,,,,
P,Ω,W,,,,,,ò,¶,R,,
,,,,,&,,,,,,∞,º
W,,,,,,,,&,,,,
,,,&,,,,,,,,&,
,,,,H,Ü,H,,,,,,`
Ç,Z,,,,,,H,Ü,H,,,
,,,,&,,,,,,∞,º,W
,,,,,,,&,,,,,
,,&,,,,,,,,&,,
,,,»,Ω,W,,,,,,P,Ω
W,,,,,,ò,¶,R,,,,
,,,&,,,,,,∞,º,W,
,,,,,,&,,,,,,
,&,,,,,,,,&,,,
,,X,†,U,,,,,,,®,U
,,,,,`,Ã,",",,,,,
,,&,,,,,,∞,º,W,,
,,,,,&,,,,,,,
&,,,,,,,,&,,,,
,0,¿,I,,,,,,,§,U,
,,,,`,Ã,",",,,,,,
,&,,,,,,∞,º,W,,,
,,,,&,,,,,,,,&
,,,,,,,&,,,,,
»,Ω,W,,,,,,P,Ω,W,,
,,,ò,¶,R,,,,,,,
&,,,,,,∞,º,W,,,,
,,,&,,,,,,,,&,
,,,,,,&,,,,,,»
Ω,W,,,,,,P,Ω,W,,,
,,ò,¶,R,,,,,,,,&
,,,,,∞,º,W,,,,,
,,&,,,,,,,,&,,
,,,,,&,,,,,,,N
U,,,,,, ,,A,,,,
,X,,A,,,,,,,,&,
,,,,∞,º,W,,,,,,
,&,,,,,,,,&,,,
,,,,&,,,,,,»,Ω,W
,,,,,P,Ω,W,,,,,
ò,¶,R,,,,,,,,&,,
,,,∞,º,W,,,,,,,
&,,,,,,,,&,,,,
,,,&,,,,,,0,Ö,Z,
,,,,ò,K,U,,,,,,x
Õ,",",,,,,,,,&,,,
,,∞,º,W,,,,,,,,&
,,,,,,,&,,,,,
,,&,,,,,,»,Ω,W,,
,,,P,Ω,W,,,,,,ò,¶
R,,,,,,,,&,,,,
,∞,º,W,,,,,,,,&,
,,,,,,&,,,,,,
,&,,,,,,X,†,U,,,
,,,®,U,,,,,,`,Ã,","
,,,,,,,&,,,,,
∞,º,W,,,,,,,,&,,
,,,,,&,,,,,,,
&,,,,,,0,¿,I,,,,
, ,,A,,,,,,X,,A,
,,,,,,&,,,,,,∞
º,W,,,,,,,,&,,,
,,,,&,,,,,,,,&
,,,,,»,Ω,W,,,,,
P,Ω,W,,,,,,ò,¶,R,,
,,,,,&,,,,,,∞,º
W,,,,,,,,&,,,,
,,,&,,,,,,,,&,
,,,,»,Ω,W,,,,,,P
Ω,W,,,,,,ò,¶,R,,,
,,,,&,,,,,,∞,º,W
,,,,,,,&,,,,,
,,&,,,,,,,,&,,
,,,,N,U,,,,,,,§
U,,,,,,`,Ã,",",,,,
,,,&,,,,,,∞,º,W,
,,,,,,&,,,,,,
,&,,,,,,,,&,,,
,,»,Ω,W,,,,,,P,Ω,W
,,,,,ò,¶,R,,,,,
,,&,,,,,,∞,º,W,,
,,,,,&,,,,,,,
&,,,,,,,,&,,,,
,0,Ö,Z,,,,,,ò,K,U,
,,,,x,Õ,",",,,,,,
,&,,,,,,∞,º,W,,,
,,,,&,,,,,,,,&
,,,,,,,&,,,,,
»,Ω,W,,,,,,P,Ω,W,,
,,,ò,¶,R,,,,,,,
&,,,,,,∞,º,W,,,,
,,,&,,,,,,,,&,
,,,,,,&,,,,,,X
†,U,,,,,,,®,U,,,
,,`,Ã,",",,,,,,,,&
,,,,,∞,º,W,,,,,
,,&,,,,,,,,&,,
,,,,,&,,,,,,0,¿
I,,,,,,,§,U,,,,
,`,Ã,",",,,,,,,,&,
,,,,∞,º,W,,,,,,
,&,,,,,,,,&,,,
,,,,&,,,,,,»,Ω,W
,,,,,P,Ω,W,,,,,
ò,¶,R,,,,,,,,&,,
,,,∞,º,W,,,,,,,
&,,,,,,,,&,,,,
,,,&,,,,,,»,Ω,W,
,,,,P,Ω,W,,,,,,ò
¶,R,,,,,,,,&,,,
,,∞,º,W,,,,,,,,&
,,,,,,,&,,,,,
,,&,,,,,,h,ƒ,",",,
,,,8,Ç,Z,,,,,,P,ç
H,,,,,,,,&,,,,
,∞,º,W,,,,,,,,&,
,,,,,,&,,,,,,
,&,,,,,,»,Ω,W,,,
,,P,Ω,W,,,,,,ò,¶,R
,,,,,,,&,,,,,
∞,º,W,,,,,,,,&,,
,,,,,&,,,,,,,
&,,,,,,0,Ö,Z,,,,
,ò,K,U,,,,,,x,Õ,",",
,,,,,,&,,,,,,∞
º,W,,,,,,,,&,,,
,,,,&,,,,,,,,&
,,,,,»,Ω,W,,,,,
P,Ω,W,,,,,,ò,¶,R,,
,,,,,&,,,,,,∞,º
W,,,,,,,,&,,,,
,,,&,,,,,,,,&,
,,,,X,†,U,,,,,,
®,U,,,,,,`,Ã,",",,,
,,,,&,,,,,,∞,º,W
,,,,,,,&,,,,,
,,&,,,,,,,,&,,
,,,¯,Ä,Z,,,,,,®,•
U,,,,,,`,Ã,",",,,,
,,,&,,,,,,∞,º,W,
,,,,,,&,,,,,,
,&,,,,,,,,&,,,
,,»,Ω,W,,,,,,P,Ω,W
,,,,,ò,¶,R,,,,,
,,&,,,,,,∞,º,W,,
,,,,,&,,,,,,,
&,,,,,,,,&,,,,
,»,Ω,W,,,,,,P,Ω,W,
,,,,ò,¶,R,,,,,,
,&,,,,,,∞,º,W,,,
,,,,&,,,,,,,,&
,,,,,,,&,,,,,
,N,U,,,,,,,§,U,,
,,,`,Ã,",",,,,,,,
&,,,,,,∞,º,W,,,,
,,,&,,,,,,,,&,
,,,,,,&,,,,,,»
Ω,W,,,,,,P,Ω,W,,,
,,ò,¶,R,,,,,,,,&
,,,,,∞,º,W,,,,,
,,&,,,,,,,,&,,
,,,,,&,,,,,,(,
&,,,,,,8,ß,U,,,,
,®,è,H,,,,,,,,&,
,,,,∞,º,W,,,,,,
,&,,,,,,,,&,,,
,,,,&,,,,,,»,Ω,W
,,,,,P,Ω,W,,,,,
ò,¶,R,,,,,,,,&,,
,,,∞,º,W,,,,,,,
&,,,,,,,,&,,,,
,,,&,,,,,,X,†,U,
,,,,,®,U,,,,,,`
Ã,",",,,,,,,,&,,,
,,∞,º,W,,,,,,,,&
,,,,,,,&,,,,,
,,&,,,,,,0,¿,I,,
,,,,§,U,,,,,,`,Ã
",",,,,,,,,&,,,,
,∞,º,W,,,,,,,,&,
,,,,,,&,,,,,,
,&,,,,,,»,Ω,W,,,
,,P,Ω,W,,,,,,ò,¶,R
,,,,,,,&,,,,,
∞,º,W,,,,,,,,&,,
,,,,,&,,,,,,,
&,,,,,,»,Ω,W,,,,
,P,Ω,W,,,,,,ò,¶,R,
,,,,,,&,,,,,,∞
º,W,,,,,,,,&,,,
,,,,&,,,,,,,,&
,,,,,h,ƒ,",",,,,,
8,Ç,Z,,,,,,P,ç,H,,
,,,,,&,,,,,,∞,º
W,,,,,,,,&,,,,
,,,&,,,,,,,,&,
,,,,»,Ω,W,,,,,,P
Ω,W,,,,,,ò,¶,R,,,
,,,,&,,,,,,∞,º,W
,,,,,,,&,,,,,
,,&,,,,,,,,&,,
,,,0,Ö,Z,,,,,,ò,K
U,,,,,,x,Õ,",",,,,
,,,&,,,,,,∞,º,W,
,,,,,,&,,,,,,
,&,,,,,,,,&,,,
,,»,Ω,W,,,,,,P,Ω,W
,,,,,ò,¶,R,,,,,
,,&,,,,,,∞,º,W,,
,,,,,&,,,,,,,
&,,,,,,,,&,,,,
,X,†,U,,,,,,,®,U,
,,,,`,Ã,",",,,,,,
,&,,,,,,∞,º,W,,,
,,,,&,,,,,,,,&
,,,,,,,&,,,,,
,É,Z,,,,,,Ë,¶,U,,
,,,X,,A,,,,,,,
&,,,,,,∞,º,W,,,,
,,,&,,,,,,,,&,
,,,,,,&,,,,,,»
Ω,W,,,,,,P,Ω,W,,,
,,ò,¶,R,,,,,,,,&
,,,,,∞,º,W,,,,,
,,&,,,,,,,,&,,
,,,,,&,,,,,,»,Ω
W,,,,,,P,Ω,W,,,,
,ò,¶,R,,,,,,,,&,
,,,,∞,º,W,,,,,,
,&,,,,,,,,&,,,
,,,,&,,,,,,,N,U
,,,,,,§,U,,,,,
`,Ã,",",,,,,,,,&,,
,,,∞,º,W,,,,,,,
&,,,,,,,,&,,,,
,,,&,,,,,,»,Ω,W,
,,,,P,Ω,W,,,,,,ò
¶,R,,,,,,,,&,,,
,,∞,º,W,,,,,,,,&
,,,,,,,&,,,,,
,,&,,,,,,@,,&,,
,,, ,°,U,,,,,,®,è
H,,,,,,,,&,,,,
,∞,º,W,,,,,,,,&,
,,,,,,&,,,,,,
,&,,,,,,»,Ω,W,,,
,,P,Ω,W,,,,,,ò,¶,R
,,,,,,,&,,,,,
∞,º,W,,,,,,,,&,,
,,,,,&,,,,,,,
&,,,,,,X,†,U,,,,
,,®,U,,,,,,`,Ã,",",
,,,,,,&,,,,,,∞
º,W,,,,,,,,&,,,
,,,,&,,,,,,,,&
,,,,,0,¿,I,,,,,
,§,U,,,,,,`,Ã,",",,
,,,,,&,,,,,,∞,º
W,,,,,,,,&,,,,
,,,&,,,,,,,,&,
,,,,»,Ω,W,,,,,,P
Ω,W,,,,,,ò,¶,R,,,
,,,,&,,,,,,∞,º,W
,,,,,,,&,,,,,
,,&,,,,,,,,&,,
,,,»,Ω,W,,,,,,P,Ω
W,,,,,,ò,¶,R,,,,
,,,&,,,,,,∞,º,W,
,,,,,,&,,,,,,
,&,,,,,,,,&,,,
,,†,M,U,,,,,,h,æ,W
,,,,,(,ç,H,,,,,
,,&,,,,,,∞,º,W,,
,,,,,&,,,,,,,
&,,,,,,,,&,,,,
,»,Ω,W,,,,,,P,Ω,W,
,,,,ò,¶,R,,,,,,
,&,,,,,,∞,º,W,,,
,,,,&,,,,,,,,&
,,,,,,,&,,,,,
0,Ö,Z,,,,,,ò,K,U,,
,,,x,Õ,",",,,,,,,
&,,,,,,∞,º,W,,,,
,,,&,,,,,,,,&,
,,,,,,&,,,,,,»
Ω,W,,,,,,P,Ω,W,,,
,,ò,¶,R,,,,,,,,&
,,,,,∞,º,W,,,,,
,,&,,,,,,,,&,,
,,,,,&,,,,,,X,†
U,,,,,,,®,U,,,,
,`,Ã,",",,,,,,,,&,
,,,,∞,º,W,,,,,,
,&,,,,,,,,&,,,
,,,,&,,,,,,»,Ω,W
,,,,,p,,A,,,,,
X,,A,,,,,,,,&,,
,,,∞,º,W,,,,,,,
&,,,,,,,,&,,,,
,,,&,,,,,,»,Ω,W,
,,,,P,Ω,W,,,,,,ò
¶,R,,,,,,,,&,,,
,,∞,º,W,,,,,,,,&
,,,,,,,&,,,,,
,,&,,,,,,»,Ω,W,,
,,,P,Ω,W,,,,,,ò,¶
R,,,,,,,,&,,,,
,∞,º,W,,,,,,,,&,
,,,,,,&,,,,,,
,&,,,,,,,N,U,,,
,,,§,U,,,,,,`,Ã,","
,,,,,,,&,,,,,
∞,º,W,,,,,,,,&,,
,,,,,&,,,,,,,
&,,,,,,»,Ω,W,,,,
,P,Ω,W,,,,,,ò,¶,R,
,,,,,,&,,,,,,∞
º,W,,,,,,,,&,,,
,,,,&,,,,,,,,&
,,,,,(,,&,,,,,
8,ß,U,,,,,,®,è,H,,
,,,,,&,,,,,,∞,º
W,,,,,,,,&,,,,
,,,&,,,,,,,,&,
,,,,»,Ω,W,,,,,,P
Ω,W,,,,,,ò,¶,R,,,
,,,,&,,,,,,∞,º,W
,,,,,,,&,,,,,
,,&,,,,,,,,&,,
,,,X,†,U,,,,,,,®
U,,,,,,`,Ã,",",,,,
,,,&,,,,,,∞,º,W,
,,,,,,&,,,,,,
,&,,,,,,,,&,,,
,,0,¿,I,,,,,,,§,U
,,,,,`,Ã,",",,,,,
,,&,,,,,,∞,º,W,,
,,,,,&,,,,,,,
&,,,,,,,,&,,,,
,»,Ω,W,,,,,,P,Ω,W,
,,,,ò,¶,R,,,,,,
,&,,,,,,∞,º,W,,,
,,,,&,,,,,,,,&
,,,,,,,&,,,,,
»,Ω,W,,,,,,P,Ω,W,,
,,,ò,¶,R,,,,,,,
&,,,,,,∞,º,W,,,,
,,,&,,,,,,,,&,
,,,,,,&,,,,,,h
ƒ,",",,,,,,8,Ç,Z,,,
,,P,ç,H,,,,,,,,&
,,,,,∞,º,W,,,,,
,,&,,,,,,,,&,,
,,,,,&,,,,,,»,Ω
W,,,,,,P,Ω,W,,,,
,ò,¶,R,,,,,,,,&,
,,,,∞,º,W,,,,,,
,&,,,,,,,,&,,,
,,,,&,,,,,,0,Ö,Z
,,,,,ò,K,U,,,,,
x,Õ,",",,,,,,,,&,,
,,,∞,º,W,,,,,,,
&,,,,,,,,&,,,,
,,,&,,,,,,»,Ω,W,
,,,,P,Ω,W,,,,,,ò
¶,R,,,,,,,,&,,,
,,∞,º,W,,,,,,,,&
,,,,,,,&,,,,,
,,&,,,,,,X,†,U,,
,,,,®,U,,,,,,`,Ã
",",,,,,,,,&,,,,
,∞,º,W,,,,,,,,&,
,,,,,,&,,,,,,
,&,,,,,,,É,Z,,,
,,Ë,¶,U,,,,,,X,,A
,,,,,,,&,,,,,
∞,º,W,,,,,,,,&,,
,,,,,&,,,,,,,
&,,,,,,»,Ω,W,,,,
,P,Ω,W,,,,,,ò,¶,R,
,,,,,,&,,,,,,∞
º,W,,,,,,,,&,,,
,,,,&,,,,,,,,&
,,,,,»,Ω,W,,,,,
P,Ω,W,,,,,,ò,¶,R,,
,,,,,&,,,,,,∞,º
W,,,,,,,,&,,,,
,,,&,,,,,,,,&,
,,,,,N,U,,,,,,
§,U,,,,,,`,Ã,",",,,
,,,,&,,,,,,∞,º,W
,,,,,,,&,,,,,
,,&,,,,,,,,&,,
,,,»,Ω,W,,,,,,P,Ω
W,,,,,,ò,¶,R,,,,
,,,&,,,,,,∞,º,W,
,,,,,,&,,,,,,
,&,,,,,,,,&,,,
,,–,è,H,,,,,,x,É,Z
,,,,,H,Ü,H,,,,,
,,&,,,,,,∞,º,W,,
,,,,,&,,,,,,,
&,,,,,,,,&,,,,
,»,Ω,W,,,,,,P,Ω,W,
,,,,ò,¶,R,,,,,,
,&,,,,,,∞,º,W,,,
,,,,&,,,,,,,,&
,,,,,,,&,,,,,
X,†,U,,,,,,,®,U,,
,,,`,Ã,",",,,,,,,
&,,,,,,∞,º,W,,,,
,,,&,,,,,,,,&,
,,,,,,&,,,,,,0
¿,I,,,,,,,§,U,,,
,,`,Ã,",",,,,,,,,&
,,,,,∞,º,W,,,,,
,,&,,,,,,,,&,,
,,,,,&,,,,,,»,Ω
W,,,,,,P,Ω,W,,,,
,ò,¶,R,,,,,,,,&,
,,,,∞,º,W,,,,,,
,&,,,,,,,,&,,,
,,,,&,,,,,,»,Ω,W
,,,,,P,Ω,W,,,,,
ò,¶,R,,,,,,,,&,,
,,,∞,º,W,,,,,,,
&,,,,,,,,&,,,,
,,,&,,,,,,@,,&,
,,,,,á,H,,,,,,X
,A,,,,,,,,&,,,
,,∞,º,W,,,,,,,,&
,,,,,,,&,,,,,
,,&,,,,,,»,Ω,W,,
,,,P,Ω,W,,,,,,ò,¶
R,,,,,,,,&,,,,
,∞,º,W,,,,,,,,&,
,,,,,,&,,,,,,
,&,,,,,,0,Ö,Z,,,
,,ò,K,U,,,,,,x,Õ,","
,,,,,,,&,,,,,
∞,º,W,,,,,,,,&,,
,,,,,&,,,,,,,
&,,,,,,»,Ω,W,,,,
,P,Ω,W,,,,,,ò,¶,R,
,,,,,,&,,,,,,∞
º,W,,,,,,,,&,,,
,,,,&,,,,,,,,&
,,,,,X,†,U,,,,,
,®,U,,,,,,`,Ã,",",,
,,,,,&,,,,,,∞,º
W,,,,,,,,&,,,,
,,,&,,,,,,,,&,
,,,,Ë,¡,",",,,,,,ò
Å,Z,,,,,,P,ç,H,,,
,,,,&,,,,,,∞,º,W
,,,,,,,&,,,,,
,,&,,,,,,,,&,,
,,,»,Ω,W,,,,,,P,Ω
W,,,,,,ò,¶,R,,,,
,,,&,,,,,,∞,º,W,
,,,,,,&,,,,,,
,&,,,,,,,,&,,,
,,»,Ω,W,,,,,,P,Ω,W
,,,,,ò,¶,R,,,,,
,,&,,,,,,∞,º,W,,
,,,,,&,,,,,,,
&,,,,,,,,&,,,,
,,N,U,,,,,,,§,U,
,,,,`,Ã,",",,,,,,
,&,,,,,,∞,º,W,,,
,,,,&,,,,,,,,&
,,,,,,,&,,,,,
»,Ω,W,,,,,,P,Ω,W,,
,,,ò,¶,R,,,,,,,
&,,,,,,∞,º,W,,,,
,,,&,,,,,,,,&,
,,,,,,&,,,,,,H
Ü,H,,,,,,`,Ç,Z,,,
,,H,Ü,H,,,,,,,,&
,,,,,∞,º,W,,,,,
,,&,,,,,,,,&,,
,,,,,&,,,,,,»,Ω
W,,,,,,P,Ω,W,,,,
,ò,¶,R,,,,,,,,&,
,,,,∞,º,W,,,,,,
,&,,,,,,,,&,,,
,,,,&,,,,,,X,†,U
,,,,,,®,U,,,,,
`,Ã,",",,,,,,,,&,,
,,,∞,º,W,,,,,,,
&,,,,,,,,&,,,,
,,,&,,,,,,0,¿,I,
,,,,,§,U,,,,,,`
Ã,",",,,,,,,,&,,,
,,∞,º,W,,,,,,,,&
,,,,,,,&,,,,,
,,&,,,,,,»,Ω,W,,
,,,P,Ω,W,,,,,,ò,¶
R,,,,,,,,&,,,,
,∞,º,W,,,,,,,,&,
,,,,,,&,,,,,,
,&,,,,,,»,Ω,W,,,
,,P,Ω,W,,,,,,ò,¶,R
,,,,,,,&,,,,,
∞,º,W,,,,,,,,&,,
,,,,,&,,,,,,,
&,,,,,,‡,,A,,,,
,p,K,U,,,,,,®,è,H,
,,,,,,&,,,,,,∞
º,W,,,,,,,,&,,,
,,,,&,,,,,,,,&
,,,,,»,Ω,W,,,,,
P,Ω,W,,,,,,ò,¶,R,,
,,,,,&,,,,,,∞,º
W,,,,,,,,&,,,,
,,,&,,,,,,,,&,
,,,,0,Ö,Z,,,,,,ò
K,U,,,,,,x,Õ,",",,,
,,,,&,,,,,,∞,º,W
,,,,,,,&,,,,,
,,&,,,,,,,,&,,
,,,»,Ω,W,,,,,,P,Ω
W,,,,,,ò,¶,R,,,,
,,,&,,,,,,∞,º,W,
,,,,,,&,,,,,,
,&,,,,,,,,&,,,
,,X,†,U,,,,,,,®,U
,,,,,`,Ã,",",,,,,
,,&,,,,,,∞,º,W,,
,,,,,&,,,,,,,
&,,,,,,,,&,,,,
,Ë,¡,",",,,,,,ò,Å,Z,
,,,,P,ç,H,,,,,,
,&,,,,,,∞,º,W,,,
,,,,&,,,,,,,,&
,,,,,,,&,,,,,
»,Ω,W,,,,,,P,Ω,W,,
,,,ò,¶,R,,,,,,,
&,,,,,,∞,º,W,,,,
,,,&,,,,,,,,&,
,,,,,,&,,,,,,»
Ω,W,,,,,,P,Ω,W,,,
,,ò,¶,R,,,,,,,,&
,,,,,∞,º,W,,,,,
,,&,,,,,,,,&,,
,,,,,&,,,,,,,N
U,,,,,,,§,U,,,,
,`,Ã,",",,,,,,,,&,
,,,,∞,º,W,,,,,,
,&,,,,,,,,&,,,
,,,,&,,,,,,»,Ω,W
,,,,,P,Ω,W,,,,,
ò,¶,R,,,,,,,,&,,
,,,∞,º,W,,,,,,,
&,,,,,,,,&,,,,
,,,&,,,,,,(,,&,
,,,,8,ß,U,,,,,,®
è,H,,,,,,,,&,,,
,,∞,º,W,,,,,,,,&
,,,,,,,&,,,,,
,,&,,,,,,»,Ω,W,,
,,,P,Ω,W,,,,,,ò,¶
R,,,,,,,,&,,,,
,∞,º,W,,,,,,,,&,
,,,,,,&,,,,,,
,&,,,,,,X,†,U,,,
,,,®,U,,,,,,`,Ã,","
,,,,,,,&,,,,,
∞,º,W,,,,,,,,&,,
,,,,,&,,,,,,,
&,,,,,,0,¿,I,,,,
,,§,U,,,,,,`,Ã,",",
,,,,,,&,,,,,,∞
º,W,,,,,,,,&,,,
,,,,&,,,,,,,,&
,,,,,»,Ω,W,,,,,
P,Ω,W,,,,,,ò,¶,R,,
,,,,,&,,,,,,∞,º
W,,,,,,,,&,,,,
,,,&,,,,,,,,&,
,,,,»,Ω,W,,,,,,P
Ω,W,,,,,,ò,¶,R,,,
,,,,&,,,,,,∞,º,W
,,,,,,,&,,,,,
,,&,,,,,,,,&,,
,,,†,M,U,,,,,,h,æ
W,,,,,,(,ç,H,,,,
,,,&,,,,,,∞,º,W,
,,,,,,&,,,,,,
,&,,,,,,,,&,,,
,,»,Ω,W,,,,,,P,Ω,W
,,,,,ò,¶,R,,,,,
,,&,,,,,,∞,º,W,,
,,,,,&,,,,,,,
&,,,,,,,,&,,,,
,0,Ö,Z,,,,,,ò,K,U,
,,,,x,Õ,",",,,,,,
,&,,,,,,∞,º,W,,,
,,,,&,,,,,,,,&
,,,,,,,&,,,,,
»,Ω,W,,,,,,P,Ω,W,,
,,,ò,¶,R,,,,,,,
&,,,,,,∞,º,W,,,,
,,,&,,,,,,,,&,
,,,,,,&,,,,,,X
†,U,,,,,,,®,U,,,
,,`,Ã,",",,,,,,,,&
,,,,,∞,º,W,,,,,
,,&,,,,,,,,&,,
,,,,,&,,,,,,,É
Z,,,,,,Ë,¶,U,,,,
,X,,A,,,,,,,,&,
,,,,∞,º,W,,,,,,
,&,,,,,,,,&,,,
,,,,&,,,,,,»,Ω,W
,,,,,P,Ω,W,,,,,
ò,¶,R,,,,,,,,&,,
,,,∞,º,W,,,,,,,
&,,,,,,,,&,,,,
,,,&,,,,,,»,Ω,W,
,,,,P,Ω,W,,,,,,ò
¶,R,,,,,,,,&,,,
,,∞,º,W,,,,,,,,&
,,,,,,,&,,,,,
,,&,,,,,,,N,U,,
,,,,§,U,,,,,,`,Ã
",",,,,,,,,&,,,,
,∞,º,W,,,,,,,,&,
,,,,,,&,,,,,,
,&,,,,,,»,Ω,W,,,
,,P,Ω,W,,,,,,ò,¶,R
,,,,,,,&,,,,,
∞,º,W,,,,,,,,&,,
,,,,,&,,,,,,,
&,,,,,,–,è,H,,,,
,x,É,Z,,,,,,H,Ü,H,
,,,,,,&,,,,,,∞
º,W,,,,,,,,&,,,
,,,,&,,,,,,,,&
,,,,,»,Ω,W,,,,,
P,Ω,W,,,,,,ò,¶,R,,
,,,,,&,,,,,,∞,º
W,,,,,,,,&,,,,
,,,&,,,,,,,,&,
,,,,X,†,U,,,,,,
®,U,,,,,,`,Ã,",",,,
,,,,&,,,,,,∞,º,W
,,,,,,,&,,,,,
,,&,,,,,,,,&,,
,,,0,¿,I,,,,,,,§
U,,,,,,`,Ã,",",,,,
,,,&,,,,,,∞,º,W,
,,,,,,&,,,,,,
,&,,,,,,,,&,,,
,,»,Ω,W,,,,,,P,Ω,W
,,,,,ò,¶,R,,,,,
,,&,,,,,,∞,º,W,,
,,,,,&,,,,,,,
&,,,,,,,,&,,,,
,»,Ω,W,,,,,,P,Ω,W,
,,,,ò,¶,R,,,,,,
,&,,,,,,∞,º,W,,,
,,,,&,,,,,,,,&
,,,,,,,&,,,,,
@,,&,,,,,,,á,H,,
,,,X,,A,,,,,,,
&,,,,,,∞,º,W,,,,
,,,&,,,,,,,,&,
,,,,,,&,,,,,,»
Ω,W,,,,,,P,Ω,W,,,
,,ò,¶,R,,,,,,,,&
,,,,,∞,º,W,,,,,
,,&,,,,,,,,&,,
,,,,,&,,,,,,0,Ö
Z,,,,,,ò,K,U,,,,
,x,Õ,",",,,,,,,,&,
,,,,∞,º,W,,,,,,
,&,,,,,,,,&,,,
,,,,&,,,,,,»,Ω,W
,,,,,P,Ω,W,,,,,
ò,¶,R,,,,,,,,&,,
,,,∞,º,W,,,,,,,
&,,,,,,,,&,,,,
,,,&,,,,,,X,†,U,
,,,,,®,U,,,,,,`
Ã,",",,,,,,,,&,,,
,,∞,º,W,,,,,,,,&
,,,,,,,&,,,,,
,,&,,,,,,‡,,A,,
,,,®,•,U,,,,,,`,Ã
",",,,,,,,,&,,,,
,∞,º,W,,,,,,,,&,
,,,,,,&,,,,,,
,&,,,,,,»,Ω,W,,,
,,P,Ω,W,,,,,,ò,¶,R
,,,,,,,&,,,,,
∞,º,W,,,,,,,,&,,
,,,,,&,,,,,,,
&,,,,,,»,Ω,W,,,,
,P,Ω,W,,,,,,ò,¶,R,
,,,,,,&,,,,,,∞
º,W,,,,,,,,&,,,
,,,,&,,,,,,,,&
,,,,,,N,U,,,,,
,§,U,,,,,,`,Ã,",",,
,,,,,&,,,,,,∞,º
W,,,,,,,,&,,,,
,,,&,,,,,,,,&,
,,,,»,Ω,W,,,,,,P
Ω,W,,,,,,ò,¶,R,,,
,,,,&,,,,,,∞,º,W
,,,,,,,&,,,,,
,,&,,,,,,,,&,,
,,,@,,&,,,,,, ,°
U,,,,,,®,è,H,,,,
,,,&,,,,,,∞,º,W,
,,,,,,&,,,,,,
,&,,,,,,,,&,,,
,,»,Ω,W,,,,,,P,Ω,W
,,,,,ò,¶,R,,,,,
,,&,,,,,,∞,º,W,,
,,,,,&,,,,,,,
&,,,,,,,,&,,,,
,X,†,U,,,,,,,®,U,
,,,,`,Ã,",",,,,,,
,&,,,,,,∞,º,W,,,
,,,,&,,,,,,,,&
,,,,,,,&,,,,,
0,¿,I,,,,,,,§,U,,
,,,`,Ã,",",,,,,,,
&,,,,,,∞,º,W,,,,
,,,&,,,,,,,,&,
,,,,,,&,,,,,,»
Ω,W,,,,,,P,Ω,W,,,
,,ò,¶,R,,,,,,,,&
,,,,,∞,º,W,,,,,
,,&,,,,,,,,&,,
,,,,,&,,,,,,»,Ω
W,,,,,,P,Ω,W,,,,
,ò,¶,R,,,,,,,,&,
,,,,∞,º,W,,,,,,
,&,,,,,,,,&,,,
,,,,&,,,,,,¯,Ä,Z
,,,,,,Ω,W,,,,,
ò,¶,R,,,,,,,,&,,
,,,∞,º,W,,,,,,,
&,,,,,,,,&,,,,
,,,&,,,,,,»,Ω,W,
,,,,P,Ω,W,,,,,,ò
¶,R,,,,,,,,&,,,
,,∞,º,W,,,,,,,,&
,,,,,,,&,,,,,
,,&,,,,,,0,Ö,Z,,
,,,ò,K,U,,,,,,x,Õ
",",,,,,,,,&,,,,
,∞,º,W,,,,,,,,&,
,,,,,,&,,,,,,
,&,,,,,,»,Ω,W,,,
,,P,Ω,W,,,,,,ò,¶,R
,,,,,,,&,,,,,
∞,º,W,,,,,,,,&,,
,,,,,&,,,,,,,
&,,,,,,X,†,U,,,,
,,®,U,,,,,,`,Ã,",",
,,,,,,&,,,,,,∞
º,W,,,,,,,,&,,,
,,,,&,,,,,,,,&
,,,,,(,,&,,,,,
Ë,Å,Z,,,,,,P,ç,H,,
,,,,,&,,,,,,∞,º
W,,,,,,,,&,,,,
,,,&,,,,,,,,&,
,,,,»,Ω,W,,,,,,P
Ω,W,,,,,,ò,¶,R,,,
,,,,&,,,,,,∞,º,W
,,,,,,,&,,,,,
,,&,,,,,,,,&,,
,,,»,Ω,W,,,,,,P,Ω
W,,,,,,ò,¶,R,,,,
,,,&,,,,,,∞,º,W,
,,,,,,&,,,,,,
,&,,,,,,,,&,,,
,,,N,U,,,,,,,§,U
,,,,,`,Ã,",",,,,,
,,&,,,,,,∞,º,W,,
,,,,,&,,,,,,,
&,,,,,,,,&,,,,
,»,Ω,W,,,,,,P,Ω,W,
,,,,ò,¶,R,,,,,,
,&,,,,,,∞,º,W,,,
,,,,&,,,,,,,,&
,,,,,,,&,,,,,
(,,&,,,,,,8,ß,U,,
,,,®,è,H,,,,,,,
&,,,,,,∞,º,W,,,,
,,,&,,,,,,,,&,
,,,,,,&,,,,,,»
Ω,W,,,,,,P,Ω,W,,,
,,ò,¶,R,,,,,,,,&
,,,,,∞,º,W,,,,,
,,&,,,,,,,,&,,
,,,,,&,,,,,,X,†
U,,,,,,,®,U,,,,
,`,Ã,",",,,,,,,,&,
,,,,∞,º,W,,,,,,
,&,,,,,,,,&,,,
,,,,&,,,,,,0,¿,I
,,,,,,§,U,,,,,
`,Ã,",",,,,,,,,&,,
,,,∞,º,W,,,,,,,
&,,,,,,,,&,,,,
,,,&,,,,,,»,Ω,W,
,,,,P,Ω,W,,,,,,ò
¶,R,,,,,,,,&,,,
,,∞,º,W,,,,,,,,&
,,,,,,,&,,,,,
,,&,,,,,,»,Ω,W,,
,,,P,Ω,W,,,,,,ò,¶
R,,,,,,,,&,,,,
,∞,º,W,,,,,,,,&,
,,,,,,&,,,,,,
,&,,,,,,h,ƒ,",",,,
,,8,Ç,Z,,,,,,P,ç,H
,,,,,,,&,,,,,
∞,º,W,,,,,,,,&,,
,,,,,&,,,,,,,
&,,,,,,»,Ω,W,,,,
,P,Ω,W,,,,,,ò,¶,R,
,,,,,,&,,,,,,∞
º,W,,,,,,,,&,,,
,,,,&,,,,,,,,&
,,,,,0,Ö,Z,,,,,
ò,K,U,,,,,,x,Õ,",",,
,,,,,&,,,,,,∞,º
W,,,,,,,,&,,,,
,,,&,,,,,,,,&,
,,,,»,Ω,W,,,,,,P
Ω,W,,,,,,ò,¶,R,,,
,,,,&,,,,,,∞,º,W
,,,,,,,&,,,,,
,,&,,,,,,,,&,,
,,,X,†,U,,,,,,,®
U,,,,,,`,Ã,",",,,,
,,,&,,,,,,∞,º,W,
,,,,,,&,,,,,,
,&,,,,,,,,&,,,
,,H,Ü,H,,,,,,`,Ç,Z
,,,,,P,ç,H,,,,,
,,&,,,,,,∞,º,W,,
,,,,,&,,,,,,,
&,,,,,,,,&,,,,
,»,Ω,W,,,,,,P,Ω,W,
,,,,ò,¶,R,,,,,,
,&,,,,,,∞,º,W,,,
,,,,&,,,,,,,,&
,,,,,,,&,,,,,
»,Ω,W,,,,,,P,Ω,W,,
,,,ò,¶,R,,,,,,,
&,,,,,,∞,º,W,,,,
,,,&,,,,,,,,&,
,,,,,,&,,,,,,
N,U,,,,,,,§,U,,,
,,`,Ã,",",,,,,,,,&
,,,,,∞,º,W,,,,,
,,&,,,,,,,,&,,
,,,,,&,,,,,,»,Ω
W,,,,,,P,Ω,W,,,,
,ò,¶,R,,,,,,,,&,
,,,,∞,º,W,,,,,,
,&,,,,,,,,&,,,
,,,,&,,,,,,h,§,U
,,,,,»,É,Z,,,,,
H,Ü,H,,,,,,,,&,,
,,,∞,º,W,,,,,,,
&,,,,,,,,&,,,,
,,,&,,,,,,»,Ω,W,
,,,,P,Ω,W,,,,,,ò
¶,R,,,,,,,,&,,,
,,∞,º,W,,,,,,,,&
,,,,,,,&,,,,,
,,&,,,,,,X,†,U,,
,,,,®,U,,,,,,`,Ã
",",,,,,,,,&,,,,
,∞,º,W,,,,,,,,&,
,,,,,,&,,,,,,
,&,,,,,,0,¿,I,,,
,,,§,U,,,,,,`,Ã,","
,,,,,,,&,,,,,
∞,º,W,,,,,,,,&,,
,,,,,&,,,,,,,
&,,,,,,»,Ω,W,,,,
,P,Ω,W,,,,,,ò,¶,R,
,,,,,,&,,,,,,∞
º,W,,,,,,,,&,,,
,,,,&,,,,,,,,&
,,,,,»,Ω,W,,,,,
P,Ω,W,,,,,,ò,¶,R,,
,,,,,&,,,,,,∞,º
W,,,,,,,,&,,,,
,,,&,,,,,,,,&,
,,,,¿,,A,,,,,,
¢,U,,,,,,X,,A,,,
,,,,&,,,,,,∞,º,W
,,,,,,,&,,,,,
,,&,,,,,,,,&,,
,,,»,Ω,W,,,,,,P,Ω
W,,,,,,ò,¶,R,,,,
,,,&,,,,,,∞,º,W,
,,,,,,&,,,,,,
,&,,,,,,,,&,,,
,,0,Ö,Z,,,,,,ò,K,U
,,,,,x,Õ,",",,,,,
,,&,,,,,,∞,º,W,,
,,,,,&,,,,,,,
&,,,,,,,,&,,,,
,»,Ω,W,,,,,,P,Ω,W,
,,,,ò,¶,R,,,,,,
,&,,,,,,∞,º,W,,,
,,,,&,,,,,,,,&
,,,,,,,&,,,,,
X,†,U,,,,,,,®,U,,
,,,`,Ã,",",,,,,,,
&,,,,,,∞,º,W,,,,
,,,&,,,,,,,,&,
,,,,,,&,,,,,,H
Ü,H,,,,,,,L,U,,,
,,X,,A,,,,,,,,&
,,,,,∞,º,W,,,,,
,,&,,,,,,,,&,,
,,,,,&,,,,,,»,Ω
W,,,,,,P,Ω,W,,,,
,ò,¶,R,,,,,,,,&,
,,,,∞,º,W,,,,,,
,&,,,,,,,,&,,,
,,,,&,,,,,,»,Ω,W
,,,,,P,Ω,W,,,,,
ò,¶,R,,,,,,,,&,,
,,,∞,º,W,,,,,,,
&,,,,,,,,&,,,,
,,,&,,,,,,,N,U,
,,,,,§,U,,,,,,`
Ã,",",,,,,,,,&,,,
,,∞,º,W,,,,,,,,&
,,,,,,,&,,,,,
,,&,,,,,,»,Ω,W,,
,,,P,Ω,W,,,,,,ò,¶
R,,,,,,,,&,,,,
,∞,º,W,,,,,,,,&,
,,,,,,&,,,,,,
,&,,,,,,0,Ö,Z,,,
,,ò,K,U,,,,,,x,Õ,","
,,,,,,,&,,,,,
∞,º,W,,,,,,,,&,,
,,,,,&,,,,,,,
&,,,,,,»,Ω,W,,,,
,P,Ω,W,,,,,,ò,¶,R,
,,,,,,&,,,,,,∞
º,W,,,,,,,,&,,,
,,,,&,,,,,,,,&
,,,,,X,†,U,,,,,
,®,U,,,,,,`,Ã,",",,
,,,,,&,,,,,,∞,º
W,,,,,,,,&,,,,
,,,&,,,,,,,,&,
,,,,0,¿,I,,,,,,
§,U,,,,,,`,Ã,",",,,
,,,,&,,,,,,∞,º,W
,,,,,,,&,,,,,
,,&,,,,,,,,&,,
,,,»,Ω,W,,,,,,P,Ω
W,,,,,,ò,¶,R,,,,
,,,&,,,,,,∞,º,W,
,,,,,,&,,,,,,
,&,,,,,,,,&,,,
,,»,Ω,W,,,,,,P,Ω,W
,,,,,ò,¶,R,,,,,
,,&,,,,,,∞,º,W,,
,,,,,&,,,,,,,
&,,,,,,,,&,,,,
,‡,N,U,,,,,,»,É,Z,
,,,,H,Ü,H,,,,,,
,&,,,,,,∞,º,W,,,
,,,,&,,,,,,,,&
,,,,,,,&,,,,,
»,Ω,W,,,,,,P,Ω,W,,
,,,ò,¶,R,,,,,,,
&,,,,,,∞,º,W,,,,
,,,&,,,,,,,,&,
,,,,,,&,,,,,,0
Ö,Z,,,,,,ò,K,U,,,
,,x,Õ,",",,,,,,,,&
,,,,,∞,º,W,,,,,
,,&,,,,,,,,&,,
,,,,,&,,,,,,»,Ω
W,,,,,,P,Ω,W,,,,
,ò,¶,R,,,,,,,,&,
,,,,∞,º,W,,,,,,
,&,,,,,,,,&,,,
,,,,&,,,,,,X,†,U
,,,,,,®,U,,,,,
`,Ã,",",,,,,,,,&,,
,,,∞,º,W,,,,,,,
&,,,,,,,,&,,,,
,,,&,,,,,,Ë,¡,",",
,,,,,á,H,,,,,,X
,A,,,,,,,,&,,,
,,∞,º,W,,,,,,,,&
,,,,,,,&,,,,,
,,&,,,,,,»,Ω,W,,
,,,P,Ω,W,,,,,,ò,¶
R,,,,,,,,&,,,,
,∞,º,W,,,,,,,,&,
,,,,,,&,,,,,,
,&,,,,,,»,Ω,W,,,
,,P,Ω,W,,,,,,ò,¶,R
,,,,,,,&,,,,,
∞,º,W,,,,,,,,&,,
,,,,,&,,,,,,,
&,,,,,,,N,U,,,,
,,§,U,,,,,,`,Ã,",",
,,,,,,&,,,,,,∞
º,W,,,,,,,,&,,,
,,,,&,,,,,,,,&
,,,,,»,Ω,W,,,,,
P,Ω,W,,,,,,ò,¶,R,,
,,,,,&,,,,,,∞,º
W,,,,,,,,&,,,,
,,,&,,,,,,,,&,
,,,,0,Ö,Z,,,,,,ò
K,U,,,,,,x,Õ,",",,,
,,,,&,,,,,,∞,º,W
,,,,,,,&,,,,,
,,&,,,,,,,,&,,
,,,»,Ω,W,,,,,,P,Ω
W,,,,,,ò,¶,R,,,,
,,,&,,,,,,∞,º,W,
,,,,,,&,,,,,,
,&,,,,,,,,&,,,
,,X,†,U,,,,,,,®,U
,,,,,`,Ã,",",,,,,
,,&,,,,,,∞,º,W,,
,,,,,&,,,,,,,
&,,,,,,,,&,,,,
,0,¿,I,,,,,,,§,U,
,,,,`,Ã,",",,,,,,
,&,,,,,,∞,º,W,,,
,,,,&,,,,,,,,&
,,,,,,,&,,,,,
»,Ω,W,,,,,,P,Ω,W,,
,,,ò,¶,R,,,,,,,
&,,,,,,∞,º,W,,,,
,,,&,,,,,,,,&,
,,,,,,&,,,,,,»
Ω,W,,,,,,P,Ω,W,,,
,,ò,¶,R,,,,,,,,&
,,,,,∞,º,W,,,,,
,,&,,,,,,,,&,,
,,,,,&,,,,,,»,£
U,,,,,,‡,æ,W,,,,
,(,ç,H,,,,,,,,&,
,,,,∞,º,W,,,,,,
,&,,,,,,,,&,,,
,,,,&,,,,,,»,Ω,W
,,,,,P,Ω,W,,,,,
ò,¶,R,,,,,,,,&,,
,,,∞,º,W,,,,,,,
&,,,,,,,,&,,,,
,,,&,,,,,,0,Ö,Z,
,,,,ò,K,U,,,,,,x
Õ,",",,,,,,,,&,,,
,,∞,º,W,,,,,,,,&
,,,,,,,&,,,,,
,,&,,,,,,»,Ω,W,,
,,,P,Ω,W,,,,,,ò,¶
R,,,,,,,,&,,,,
,∞,º,W,,,,,,,,&,
,,,,,,&,,,,,,
,&,,,,,,X,†,U,,,
,,,®,U,,,,,,`,Ã,","
,,,,,,,&,,,,,
∞,º,W,,,,,,,,&,,
,,,,,&,,,,,,,
&,,,,,,»,M,U,,,,
,,§,U,,,,,,`,Ã,",",
,,,,,,&,,,,,,∞
º,W,,,,,,,,&,,,
,,,,&,,,,,,,,&
,,,,,»,Ω,W,,,,,
P,Ω,W,,,,,,ò,¶,R,,
,,,,,&,,,,,,∞,º
W,,,,,,,,&,,,,
,,,&,,,,,,,,&,
,,,,»,Ω,W,,,,,,P
Ω,W,,,,,,ò,¶,R,,,
,,,,&,,,,,,∞,º,W
,,,,,,,&,,,,,
,,&,,,,,,,,&,,
,,,,N,U,,,,,,,§
U,,,,,,`,Ã,",",,,,
,,,&,,,,,,∞,º,W,
,,,,,,&,,,,,,
,&,,,,,,,,&,,,
,,»,Ω,W,,,,,,P,Ω,W
,,,,,ò,¶,R,,,,,
,,&,,,,,,∞,º,W,,
,,,,,&,,,,,,,
&,,,,,,,,&,,,,
,h,§,U,,,,,,»,É,Z,
,,,,H,Ü,H,,,,,,
,&,,,,,,∞,º,W,,,
,,,,&,,,,,,,,&
,,,,,,,&,,,,,
»,Ω,W,,,,,,P,Ω,W,,
,,,ò,¶,R,,,,,,,
&,,,,,,∞,º,W,,,,
,,,&,,,,,,,,&,
,,,,,,&,,,,,,X
†,U,,,,,,,®,U,,,
,,`,Ã,",",,,,,,,,&
,,,,,∞,º,W,,,,,
,,&,,,,,,,,&,,
,,,,,&,,,,,,0,¿
I,,,,,,,§,U,,,,
,`,Ã,",",,,,,,,,&,
,,,,∞,º,W,,,,,,
,&,,,,,,,,&,,,
,,,,&,,,,,,»,Ω,W
,,,,,P,Ω,W,,,,,
ò,¶,R,,,,,,,,&,,
,,,∞,º,W,,,,,,,
&,,,,,,,,&,,,,
,,,&,,,,,,»,Ω,W,
,,,,P,Ω,W,,,,,,ò
¶,R,,,,,,,,&,,,
,,∞,º,W,,,,,,,,&
,,,,,,,&,,,,,
,,&,,,,,,¿,,A,,
,,,,¢,U,,,,,,X,
A,,,,,,,,&,,,,
,∞,º,W,,,,,,,,&,
,,,,,,&,,,,,,
,&,,,,,,»,Ω,W,,,
,,P,Ω,W,,,,,,ò,¶,R
,,,,,,,&,,,,,
∞,º,W,,,,,,,,&,,
,,,,,&,,,,,,,
&,,,,,,0,Ö,Z,,,,
,ò,K,U,,,,,,x,Õ,",",
,,,,,,&,,,,,,∞
º,W,,,,,,,,&,,,
,,,,&,,,,,,,,&
,,,,,»,Ω,W,,,,,
P,Ω,W,,,,,,ò,¶,R,,
,,,,,&,,,,,,∞,º
W,,,,,,,,&,,,,
,,,&,,,,,,,,&,
,,,,X,†,U,,,,,,
®,U,,,,,,`,Ã,",",,,
,,,,&,,,,,,∞,º,W
,,,,,,,&,,,,,
,,&,,,,,,,,&,,
,,, ,Å,Z,,,,,,¿,Å
Z,,,,,,P,ç,H,,,,
,,,&,,,,,,∞,º,W,
,,,,,,&,,,,,,
,&,,,,,,,,&,,,
,,»,Ω,W,,,,,,P,Ω,W
,,,,,ò,¶,R,,,,,
,,&,,,,,,∞,º,W,,
,,,,,&,,,,,,,
&,,,,,,,,&,,,,
,»,Ω,W,,,,,,P,Ω,W,
,,,,ò,¶,R,,,,,,
,&,,,,,,∞,º,W,,,
,,,,&,,,,,,,,&
,,,,,,,&,,,,,
,N,U,,,,,,,§,U,,
,,,`,Ã,",",,,,,,,
&,,,,,,∞,º,W,,,,
,,,&,,,,,,,,&,
,,,,,,&,,,,,,»
Ω,W,,,,,,P,Ω,W,,,
,,ò,¶,R,,,,,,,,&
,,,,,∞,º,W,,,,,
,,&,,,,,,,,&,,
,,,,,&,,,,,,h,§
U,,,,,,»,É,Z,,,,
,H,Ü,H,,,,,,,,&,
,,,,∞,º,W,,,,,,
,&,,,,,,,,&,,,
,,,,&,,,,,,»,Ω,W
,,,,,P,Ω,W,,,,,
ò,¶,R,,,,,,,,&,,
,,,∞,º,W,,,,,,,
&,,,,,,,,&,,,,
,,,&,,,,,,X,†,U,
,,,,,®,U,,,,,,`
Ã,",",,,,,,,,&,,,
,,∞,º,W,,,,,,,,&
,,,,,,,&,,,,,
,,&,,,,,,0,¿,I,,
,,,,§,U,,,,,,`,Ã
",",,,,,,,,&,,,,
,∞,º,W,,,,,,,,&,
,,,,,,&,,,,,,
,&,,,,,,»,Ω,W,,,
,,P,Ω,W,,,,,,ò,¶,R
,,,,,,,&,,,,,
∞,º,W,,,,,,,,&,,
,,,,,&,,,,,,,
&,,,,,,»,Ω,W,,,,
,P,Ω,W,,,,,,ò,¶,R,
,,,,,,&,,,,,,∞
º,W,,,,,,,,&,,,
,,,,&,,,,,,,,&
,,,,,Ë,K,U,,,,,
,á,H,,,,,,X,,A,,
,,,,,&,,,,,,∞,º
W,,,,,,,,&,,,,
,,,&,,,,,,,,&,
,,,,»,Ω,W,,,,,,P
Ω,W,,,,,,ò,¶,R,,,
,,,,&,,,,,,∞,º,W
,,,,,,,&,,,,,
,,&,,,,,,,,&,,
,,,0,Ö,Z,,,,,,ò,K
U,,,,,,x,Õ,",",,,,
,,,&,,,,,,∞,º,W,
,,,,,,&,,,,,,
,&,,,,,,,,&,,,
,,»,Ω,W,,,,,,P,Ω,W
,,,,,ò,¶,R,,,,,
,,&,,,,,,∞,º,W,,
,,,,,&,,,,,,,
&,,,,,,,,&,,,,
,X,†,U,,,,,,,®,U,
,,,,`,Ã,",",,,,,,
,&,,,,,,∞,º,W,,,
,,,,&,,,,,,,,&
,,,,,,,&,,,,,
H,Ü,H,,,,,,`,Ç,Z,,
,,,P,ç,H,,,,,,,
&,,,,,,∞,º,W,,,,
,,,&,,,,,,,,&,
,,,,,,&,,,,,,»
Ω,W,,,,,,P,Ω,W,,,
,,ò,¶,R,,,,,,,,&
,,,,,∞,º,W,,,,,
,,&,,,,,,,,&,,
,,,,,&,,,,,,»,Ω
W,,,,,,P,Ω,W,,,,
,ò,¶,R,,,,,,,,&,
,,,,∞,º,W,,,,,,
,&,,,,,,,,&,,,
,,,,&,,,,,,,N,U
,,,,,,§,U,,,,,
`,Ã,",",,,,,,,,&,,
,,,∞,º,W,,,,,,,
&,,,,,,,,&,,,,
,,,&,,,,,,»,Ω,W,
,,,,P,Ω,W,,,,,,ò
¶,R,,,,,,,,&,,,
,,∞,º,W,,,,,,,,&
,,,,,,,&,,,,,
,,&,,,,,,h,§,U,,
,,,»,É,Z,,,,,,H,Ü
H,,,,,,,,&,,,,
,∞,º,W,,,,,,,,&,
,,,,,,&,,,,,,
,&,,,,,,»,Ω,W,,,
,,P,Ω,W,,,,,,ò,¶,R
,,,,,,,&,,,,,
∞,º,W,,,,,,,,&,,
,,,,,&,,,,,,,
&,,,,,,X,†,U,,,,
,,®,U,,,,,,`,Ã,",",
,,,,,,&,,,,,,∞
º,W,,,,,,,,&,,,
,,,,&,,,,,,,,&
,,,,,0,¿,I,,,,,
,§,U,,,,,,`,Ã,",",,
,,,,,&,,,,,,∞,º
W,,,,,,,,&,,,,
,,,&,,,,,,,,&,
,,,,»,Ω,W,,,,,,P
Ω,W,,,,,,ò,¶,R,,,
,,,,&,,,,,,∞,º,W
,,,,,,,&,,,,,
,,&,,,,,,,,&,,
,,,»,Ω,W,,,,,,P,Ω
W,,,,,,ò,¶,R,,,,
,,,&,,,,,,∞,º,W,
,,,,,,&,,,,,,
,&,,,,,,,,&,,,
,,h,ƒ,",",,,,,,†,M,U
,,,,, ,À,",",,,,,
,,&,,,,,,∞,º,W,,
,,,,,&,,,,,,,
&,,,,,,,,&,,,,
,»,Ω,W,,,,,,P,Ω,W,
,,,,ò,¶,R,,,,,,
,&,,,,,,∞,º,W,,,
,,,,&,,,,,,,,&
,,,,,,,&,,,,,
0,Ö,Z,,,,,,ò,K,U,,
,,,x,Õ,",",,,,,,,
&,,,,,,∞,º,W,,,,
,,,&,,,,,,,,&,
,,,,,,&,,,,,,»
Ω,W,,,,,,P,Ω,W,,,
,,ò,¶,R,,,,,,,,&
,,,,,∞,º,W,,,,,
,,&,,,,,,,,&,,
,,,,,&,,,,,,X,†
U,,,,,,,®,U,,,,
,`,Ã,",",,,,,,,,&,
,,,,∞,º,W,,,,,,
,&,,,,,,,,&,,,
,,,,&,,,,,,Ë,K,U
,,,,,,O,U,,,,,
 ,À,",",,,,,,,,&,,
,,,∞,º,W,,,,,,,
&,,,,,,,,&,,,,
,,,&,,,,,,»,Ω,W,
,,,,P,Ω,W,,,,,,ò
¶,R,,,,,,,,&,,,
,,∞,º,W,,,,,,,,&
,,,,,,,&,,,,,
,,&,,,,,,»,Ω,W,,
,,,P,Ω,W,,,,,,ò,¶
R,,,,,,,,&,,,,
,∞,º,W,,,,,,,,&,
,,,,,,&,,,,,,
,&,,,,,,,N,U,,,
,,,§,U,,,,,,`,Ã,","
,,,,,,,&,,,,,
∞,º,W,,,,,,,,&,,
,,,,,&,,,,,,,
&,,,,,,»,Ω,W,,,,
,P,Ω,W,,,,,,ò,¶,R,
,,,,,,&,,,,,,∞
º,W,,,,,,,,&,,,
,,,,&,,,,,,,,&
,,,,,h,§,U,,,,,
»,É,Z,,,,,,H,Ü,H,,
,,,,,&,,,,,,∞,º
W,,,,,,,,&,,,,
,,,&,,,,,,,,&,
,,,,»,Ω,W,,,,,,P
Ω,W,,,,,,ò,¶,R,,,
,,,,&,,,,,,∞,º,W
,,,,,,,&,,,,,
,,&,,,,,,,,&,,
,,,X,†,U,,,,,,,®
U,,,,,,`,Ã,",",,,,
,,,&,,,,,,∞,º,W,
,,,,,,&,,,,,,
,&,,,,,,,,&,,,
,,0,¿,I,,,,,,,§,U
,,,,,`,Ã,",",,,,,
,,&,,,,,,∞,º,W,,
,,,,,&,,,,,,,
&,,,,,,,,&,,,,
,»,Ω,W,,,,,,P,Ω,W,
,,,,ò,¶,R,,,,,,
,&,,,,,,∞,º,W,,,
,,,,&,,,,,,,,&
,,,,,,,&,,,,,
»,Ω,W,,,,,,P,Ω,W,,
,,,ò,¶,R,,,,,,,
&,,,,,,∞,º,W,,,,
,,,&,,,,,,,,&,
,,,,,,&,,,,,,h
ƒ,",",,,,,,†,M,U,,,
,, ,À,",",,,,,,,,&
,,,,,∞,º,W,,,,,
,,&,,,,,,,,&,,
,,,,,&,,,,,,»,Ω
W,,,,,,P,Ω,W,,,,
,ò,¶,R,,,,,,,,&,
,,,,∞,º,W,,,,,,
,&,,,,,,,,&,,,
,,,,&,,,,,,0,Ö,Z
,,,,,ò,K,U,,,,,
x,Õ,",",,,,,,,,&,,
,,,∞,º,W,,,,,,,
&,,,,,,,,&,,,,
,,,&,,,,,,»,Ω,W,
,,,,P,Ω,W,,,,,,ò
¶,R,,,,,,,,&,,,
,,∞,º,W,,,,,,,,&
,,,,,,,&,,,,,
,,&,,,,,,X,†,U,,
,,,,®,U,,,,,,`,Ã
",",,,,,,,,&,,,,
,∞,º,W,,,,,,,,&,
,,,,,,&,,,,,,
,&,,,,,,@,æ,W,,,
,,¿,Å,Z,,,,,,P,ç,H
,,,,,,,&,,,,,
∞,º,W,,,,,,,,&,,
,,,,,&,,,,,,,
&,,,,,,»,Ω,W,,,,
,P,Ω,W,,,,,,ò,¶,R,
,,,,,,&,,,,,,∞
º,W,,,,,,,,&,,,
,,,,&,,,,,,,,&
,,,,,»,Ω,W,,,,,
P,Ω,W,,,,,,ò,¶,R,,
,,,,,&,,,,,,∞,º
W,,,,,,,,&,,,,
,,,&,,,,,,,,&,
,,,,,N,U,,,,,,
§,U,,,,,,`,Ã,",",,,
,,,,&,,,,,,∞,º,W
,,,,,,,&,,,,,
,,&,,,,,,,,&,,
,,,»,Ω,W,,,,,,P,Ω
W,,,,,,ò,¶,R,,,,
,,,&,,,,,,∞,º,W,
,,,,,,&,,,,,,
,&,,,,,,,,&,,,
,,0,Ö,Z,,,,,,ò,K,U
,,,,,x,Õ,",",,,,,
,,&,,,,,,∞,º,W,,
,,,,,&,,,,,,,
&,,,,,,,,&,,,,
,»,Ω,W,,,,,,P,Ω,W,
,,,,ò,¶,R,,,,,,
,&,,,,,,∞,º,W,,,
,,,,&,,,,,,,,&
,,,,,,,&,,,,,
X,†,U,,,,,,,®,U,,
,,,`,Ã,",",,,,,,,
&,,,,,,∞,º,W,,,,
,,,&,,,,,,,,&,
,,,,,,&,,,,,,0
¿,I,,,,,,,§,U,,,
,,`,Ã,",",,,,,,,,&
,,,,,∞,º,W,,,,,
,,&,,,,,,,,&,,
,,,,,&,,,,,,»,Ω
W,,,,,,P,Ω,W,,,,
,ò,¶,R,,,,,,,,&,
,,,,∞,º,W,,,,,,
,&,,,,,,,,&,,,
,,,,&,,,,,,»,Ω,W
,,,,,P,Ω,W,,,,,
ò,¶,R,,,,,,,,&,,
,,,∞,º,W,,,,,,,
&,,,,,,,,&,,,,
,,,&,,,,,,h,ƒ,",",
,,,,†,M,U,,,,,, 
À,",",,,,,,,,&,,,
,,∞,º,W,,,,,,,,&
,,,,,,,&,,,,,
,,&,,,,,,»,Ω,W,,
,,,P,Ω,W,,,,,,ò,¶
R,,,,,,,,&,,,,
,∞,º,W,,,,,,,,&,
,,,,,,&,,,,,,
,&,,,,,,0,Ö,Z,,,
,,ò,K,U,,,,,,x,Õ,","
,,,,,,,&,,,,,
∞,º,W,,,,,,,,&,,
,,,,,&,,,,,,,
&,,,,,,»,Ω,W,,,,
,P,Ω,W,,,,,,ò,¶,R,
,,,,,,&,,,,,,∞
º,W,,,,,,,,&,,,
,,,,&,,,,,,,,&
,,,,,X,†,U,,,,,
,®,U,,,,,,`,Ã,",",,
,,,,,&,,,,,,∞,º
W,,,,,,,,&,,,,
,,,&,,,,,,,,&,
,,,,(,,&,,,,,,
§,U,,,,,,`,Ã,",",,,
,,,,&,,,,,,∞,º,W
,,,,,,,&,,,,,
,,&,,,,,,,,&,,
,,,»,Ω,W,,,,,,P,Ω
W,,,,,,ò,¶,R,,,,
,,,&,,,,,,∞,º,W,
,,,,,,&,,,,,,
,&,,,,,,,,&,,,
,,»,Ω,W,,,,,,P,Ω,W
,,,,,ò,¶,R,,,,,
,,&,,,,,,∞,º,W,,
,,,,,&,,,,,,,
&,,,,,,,,&,,,,
,,N,U,,,,,,,§,U,
,,,,`,Ã,",",,,,,,
,&,,,,,,∞,º,W,,,
,,,,&,,,,,,,,&
,,,,,,,&,,,,,
»,Ω,W,,,,,,P,Ω,W,,
,,,ò,¶,R,,,,,,,
&,,,,,,∞,º,W,,,,
,,,&,,,,,,,,&,
,,,,,,&,,,,,,–
è,H,,,,,,x,É,Z,,,
,,H,Ü,H,,,,,,,,&
,,,,,∞,º,W,,,,,
,,&,,,,,,,,&,,
,,,,,&,,,,,,»,Ω
W,,,,,,P,Ω,W,,,,
,ò,¶,R,,,,,,,,&,
,,,,∞,º,W,,,,,,
,&,,,,,,,,&,,,
,,,,&,,,,,,X,†,U
,,,,,,®,U,,,,,
`,Ã,",",,,,,,,,&,,
,,,∞,º,W,,,,,,,
&,,,,,,,,&,,,,
,,,&,,,,,,0,¿,I,
,,,,,§,U,,,,,,`
Ã,",",,,,,,,,&,,,
,,∞,º,W,,,,,,,,&
,,,,,,,&,,,,,
,,&,,,,,,»,Ω,W,,
,,,P,Ω,W,,,,,,ò,¶
R,,,,,,,,&,,,,
,∞,º,W,,,,,,,,&,
,,,,,,&,,,,,,
,&,,,,,,»,Ω,W,,,
,,P,Ω,W,,,,,,ò,¶,R
,,,,,,,&,,,,,
∞,º,W,,,,,,,,&,,
,,,,,&,,,,,,,
&,,,,,,∞,¢,U,,,,
,p,Å,Z,,,,,,P,ç,H,
,,,,,,&,,,,,,∞
º,W,,,,,,,,&,,,
,,,,&,,,,,,,,&
,,,,,»,Ω,W,,,,,
P,Ω,W,,,,,,ò,¶,R,,
,,,,,&,,,,,,∞,º
W,,,,,,,,&,,,,
,,,&,,,,,,,,&,
,,,,0,Ö,Z,,,,,,ò
K,U,,,,,,x,Õ,",",,,
,,,,&,,,,,,∞,º,W
,,,,,,,&,,,,,
,,&,,,,,,,,&,,
,,,»,Ω,W,,,,,,P,Ω
W,,,,,,ò,¶,R,,,,
,,,&,,,,,,∞,º,W,
,,,,,,&,,,,,,
,&,,,,,,,,&,,,
,,X,†,U,,,,,,,®,U
,,,,,`,Ã,",",,,,,
,,&,,,,,,∞,º,W,,
,,,,,&,,,,,,,
&,,,,,,,,&,,,,
,»,Ω,W,,,,,,p,,A,
,,,,X,,A,,,,,,
,&,,,,,,∞,º,W,,,
,,,,&,,,,,,,,&
,,,,,,,&,,,,,
»,Ω,W,,,,,,P,Ω,W,,
,,,ò,¶,R,,,,,,,
&,,,,,,∞,º,W,,,,
,,,&,,,,,,,,&,
,,,,,,&,,,,,,»
Ω,W,,,,,,P,Ω,W,,,
,,ò,¶,R,,,,,,,,&
,,,,,∞,º,W,,,,,
,,&,,,,,,,,&,,
,,,,,&,,,,,,,N
U,,,,,,,§,U,,,,
,`,Ã,",",,,,,,,,&,
,,,,∞,º,W,,,,,,
,&,,,,,,,,&,,,
,,,,&,,,,,,»,Ω,W
,,,,,P,Ω,W,,,,,
ò,¶,R,,,,,,,,&,,
,,,∞,º,W,,,,,,,
&,,,,,,,,&,,,,
,,,&,,,,,,0,Ö,Z,
,,,,ò,K,U,,,,,,x
Õ,",",,,,,,,,&,,,
,,∞,º,W,,,,,,,,&
,,,,,,,&,,,,,
,,&,,,,,,»,Ω,W,,
,,,P,Ω,W,,,,,,ò,¶
R,,,,,,,,&,,,,
,∞,º,W,,,,,,,,&,
,,,,,,&,,,,,,
,&,,,,,,X,†,U,,,
,,,®,U,,,,,,`,Ã,","
,,,,,,,&,,,,,
∞,º,W,,,,,,,,&,,
,,,,,&,,,,,,,
&,,,,,,0,¿,I,,,,
,,§,U,,,,,,`,Ã,",",
,,,,,,&,,,,,,∞
º,W,,,,,,,,&,,,
,,,,&,,,,,,,,&
,,,,,»,Ω,W,,,,,
P,Ω,W,,,,,,ò,¶,R,,
,,,,,&,,,,,,∞,º
W,,,,,,,,&,,,,
,,,&,,,,,,,,&,
,,,,»,Ω,W,,,,,,P
Ω,W,,,,,,ò,¶,R,,,
,,,,&,,,,,,∞,º,W
,,,,,,,&,,,,,
,,&,,,,,,,,&,,
,,,†,M,U,,,,,,h,æ
W,,,,,,(,ç,H,,,,
,,,&,,,,,,∞,º,W,
,,,,,,&,,,,,,
,&,,,,,,,,&,,,
,,»,Ω,W,,,,,,P,Ω,W
,,,,,ò,¶,R,,,,,
,,&,,,,,,∞,º,W,,
,,,,,&,,,,,,,
&,,,,,,,,&,,,,
,0,Ö,Z,,,,,,ò,K,U,
,,,,x,Õ,",",,,,,,
,&,,,,,,∞,º,W,,,
,,,,&,,,,,,,,&
,,,,,,,&,,,,,
»,Ω,W,,,,,,P,Ω,W,,
,,,ò,¶,R,,,,,,,
&,,,,,,∞,º,W,,,,
,,,&,,,,,,,,&,
,,,,,,&,,,,,,X
†,U,,,,,,,®,U,,,
,,`,Ã,",",,,,,,,,&
,,,,,∞,º,W,,,,,
,,&,,,,,,,,&,,
,,,,,&,,,,,,,¢
U,,,,,,,§,U,,,,
,`,Ã,",",,,,,,,,&,
,,,,∞,º,W,,,,,,
,&,,,,,,,,&,,,
,,,,&,,,,,,»,Ω,W
,,,,,P,Ω,W,,,,,
ò,¶,R,,,,,,,,&,,
,,,∞,º,W,,,,,,,
&,,,,,,,,&,,,,
,,,&,,,,,,»,Ω,W,
,,,,P,Ω,W,,,,,,ò
¶,R,,,,,,,,&,,,
,,∞,º,W,,,,,,,,&
,,,,,,,&,,,,,
,,&,,,,,,,N,U,,
,,,,§,U,,,,,,`,Ã
",",,,,,,,,&,,,,
,∞,º,W,,,,,,,,&,
,,,,,,&,,,,,,
,&,,,,,,»,Ω,W,,,
,,P,Ω,W,,,,,,ò,¶,R
,,,,,,,&,,,,,
∞,º,W,,,,,,,,&,,
,,,,,&,,,,,,,
&,,,,,,0,Ö,Z,,,,
,ò,K,U,,,,,,x,Õ,",",
,,,,,,&,,,,,,∞
º,W,,,,,,,,&,,,
,,,,&,,,,,,,,&
,,,,,»,Ω,W,,,,,
P,Ω,W,,,,,,ò,¶,R,,
,,,,,&,,,,,,∞,º
W,,,,,,,,&,,,,
,,,&,,,,,,,,&,
,,,,X,†,U,,,,,,
®,U,,,,,,`,Ã,",",,,
,,,,&,,,,,,∞,º,W
,,,,,,,&,,,,,
,,&,,,,,,,,&,,
,,,0,¿,I,,,,,,,§
U,,,,,,`,Ã,",",,,,
,,,&,,,,,,∞,º,W,
,,,,,,&,,,,,,
,&,,,,,,,,&,,,
,,»,Ω,W,,,,,,P,Ω,W
,,,,,ò,¶,R,,,,,
,,&,,,,,,∞,º,W,,
,,,,,&,,,,,,,
&,,,,,,,,&,,,,
,»,Ω,W,,,,,,P,Ω,W,
,,,,ò,¶,R,,,,,,
,&,,,,,,∞,º,W,,,
,,,,&,,,,,,,,&
,,,,,,,&,,,,,
»,£,U,,,,,,¯,,A,,
,,,X,,A,,,,,,,
&,,,,,,∞,º,W,,,,
,,,&,,,,,,,,&,
,,,,,,&,,,,,,»
Ω,W,,,,,,P,Ω,W,,,
,,ò,¶,R,,,,,,,,&
,,,,,∞,º,W,,,,,
,,&,,,,,,,,&,,
,,,,,&,,,,,,0,Ö
Z,,,,,,ò,K,U,,,,
,x,Õ,",",,,,,,,,&,
,,,,∞,º,W,,,,,,
,&,,,,,,,,&,,,
,,,,&,,,,,,»,Ω,W
,,,,,P,Ω,W,,,,,
ò,¶,R,,,,,,,,&,,
,,,∞,º,W,,,,,,,
&,,,,,,,,&,,,,
,,,&,,,,,,X,†,U,
,,,,,®,U,,,,,,`
Ã,",",,,,,,,,&,,,
,,∞,º,W,,,,,,,,&
,,,,,,,&,,,,,
,,&,,,,,,H,Ü,H,,
,,,`,Ç,Z,,,,,,P,ç
H,,,,,,,,&,,,,
,∞,º,W,,,,,,,,&,
,,,,,,&,,,,,,
,&,,,,,,»,Ω,W,,,
,,P,Ω,W,,,,,,ò,¶,R
,,,,,,,&,,,,,
∞,º,W,,,,,,,,&,,
,,,,,&,,,,,,,
&,,,,,,»,Ω,W,,,,
,P,Ω,W,,,,,,ò,¶,R,
,,,,,,&,,,,,,∞
º,W,,,,,,,,&,,,
,,,,&,,,,,,,,&
,,,,,,N,U,,,,,
,§,U,,,,,,`,Ã,",",,
,,,,,&,,,,,,∞,º
W,,,,,,,,&,,,,
,,,&,,,,,,,,&,
,,,,»,Ω,W,,,,,,P
Ω,W,,,,,,ò,¶,R,,,
,,,,&,,,,,,∞,º,W
,,,,,,,&,,,,,
,,&,,,,,,,,&,,
,,,@,,&,,,,,, ,°
U,,,,,,®,è,H,,,,
,,,&,,,,,,∞,º,W,
,,,,,,&,,,,,,
,&,,,,,,,,&,,,
,,»,Ω,W,,,,,,P,Ω,W
,,,,,ò,¶,R,,,,,
,,&,,,,,,∞,º,W,,
,,,,,&,,,,,,,
&,,,,,,,,&,,,,
,X,†,U,,,,,,,®,U,
,,,,`,Ã,",",,,,,,
,&,,,,,,∞,º,W,,,
,,,,&,,,,,,,,&
,,,,,,,&,,,,,
0,¿,I,,,,,,,§,U,,
,,,`,Ã,",",,,,,,,
&,,,,,,∞,º,W,,,,
,,,&,,,,,,,,&,
,,,,,,&,,,,,,»
Ω,W,,,,,,P,Ω,W,,,
,,ò,¶,R,,,,,,,,&
,,,,,∞,º,W,,,,,
,,&,,,,,,,,&,,
,,,,,&,,,,,,»,Ω
W,,,,,,P,Ω,W,,,,
,ò,¶,R,,,,,,,,&,
,,,,∞,º,W,,,,,,
,&,,,,,,,,&,,,
,,,,&,,,,,,¯,Ä,Z
,,,,,,Ω,W,,,,,
ò,¶,R,,,,,,,,&,,
,,,∞,º,W,,,,,,,
&,,,,,,,,&,,,,
,,,&,,,,,,»,Ω,W,
,,,,P,Ω,W,,,,,,ò
¶,R,,,,,,,,&,,,
,,∞,º,W,,,,,,,,&
,,,,,,,&,,,,,
,,&,,,,,,0,Ö,Z,,
,,,ò,K,U,,,,,,x,Õ
",",,,,,,,,&,,,,
,∞,º,W,,,,,,,,&,
,,,,,,&,,,,,,
,&,,,,,,»,Ω,W,,,
,,P,Ω,W,,,,,,ò,¶,R
,,,,,,,&,,,,,
∞,º,W,,,,,,,,&,,
,,,,,&,,,,,,,
&,,,,,,X,†,U,,,,
,,®,U,,,,,,`,Ã,",",
,,,,,,&,,,,,,∞
º,W,,,,,,,,&,,,
,,,,&,,,,,,,,&
,,,,,Ë,¡,",",,,,,
,á,H,,,,,,X,,A,,
,,,,,&,,,,,,∞,º
W,,,,,,,,&,,,,
,,,&,,,,,,,,&,
,,,,»,Ω,W,,,,,,P
Ω,W,,,,,,ò,¶,R,,,
,,,,&,,,,,,∞,º,W
,,,,,,,&,,,,,
,,&,,,,,,,,&,,
,,,»,Ω,W,,,,,,P,Ω
W,,,,,,ò,¶,R,,,,
,,,&,,,,,,∞,º,W,
,,,,,,&,,,,,,
,&,,,,,,,,&,,,
,,,N,U,,,,,,,§,U
,,,,,`,Ã,",",,,,,
,,&,,,,,,∞,º,W,,
,,,,,&,,,,,,,
&,,,,,,,,&,,,,
,»,Ω,W,,,,,,P,Ω,W,
,,,,ò,¶,R,,,,,,
,&,,,,,,∞,º,W,,,
,,,,&,,,,,,,,&
,,,,,,,&,,,,,
H,Ü,H,,,,,,`,Ç,Z,,
,,,H,Ü,H,,,,,,,
&,,,,,,∞,º,W,,,,
,,,&,,,,,,,,&,
,,,,,,&,,,,,,»
Ω,W,,,,,,P,Ω,W,,,
,,ò,¶,R,,,,,,,,&
,,,,,∞,º,W,,,,,
,,&,,,,,,,,&,,
,,,,,&,,,,,,X,†
U,,,,,,,®,U,,,,
,`,Ã,",",,,,,,,,&,
,,,,∞,º,W,,,,,,
,&,,,,,,,,&,,,
,,,,&,,,,,,0,¿,I
,,,,,,§,U,,,,,
`,Ã,",",,,,,,,,&,,
,,,∞,º,W,,,,,,,
&,,,,,,,,&,,,,
,,,&,,,,,,»,Ω,W,
,,,,P,Ω,W,,,,,,ò
¶,R,,,,,,,,&,,,
,,∞,º,W,,,,,,,,&
,,,,,,,&,,,,,
,,&,,,,,,»,Ω,W,,
,,,P,Ω,W,,,,,,ò,¶
R,,,,,,,,&,,,,
,∞,º,W,,,,,,,,&,
,,,,,,&,,,,,,
,&,,,,,,h,ƒ,",",,,
,,†,M,U,,,,,, ,À,","
,,,,,,,&,,,,,
∞,º,W,,,,,,,,&,,
,,,,,&,,,,,,,
&,,,,,,»,Ω,W,,,,
,P,Ω,W,,,,,,ò,¶,R,
,,,,,,&,,,,,,∞
º,W,,,,,,,,&,,,
,,,,&,,,,,,,,&
,,,,,0,Ö,Z,,,,,
ò,K,U,,,,,,x,Õ,",",,
,,,,,&,,,,,,∞,º
W,,,,,,,,&,,,,
,,,&,,,,,,,,&,
,,,,»,Ω,W,,,,,,P
Ω,W,,,,,,ò,¶,R,,,
,,,,&,,,,,,∞,º,W
,,,,,,,&,,,,,
,,&,,,,,,,,&,,
,,,X,†,U,,,,,,,®
U,,,,,,`,Ã,",",,,,
,,,&,,,,,,∞,º,W,
,,,,,,&,,,,,,
,&,,,,,,,,&,,,
,,0,¿,I,,,,,, ,,A
,,,,,X,,A,,,,,
,,&,,,,,,∞,º,W,,
,,,,,&,,,,,,,
&,,,,,,,,&,,,,
,»,Ω,W,,,,,,P,Ω,W,
,,,,ò,¶,R,,,,,,
,&,,,,,,∞,º,W,,,
,,,,&,,,,,,,,&
,,,,,,,&,,,,,
»,Ω,W,,,,,,P,Ω,W,,
,,,ò,¶,R,,,,,,,
&,,,,,,∞,º,W,,,,
,,,&,,,,,,,,&,
,,,,,,&,,,,,,
N,U,,,,,,,§,U,,,
,,`,Ã,",",,,,,,,,&
,,,,,∞,º,W,,,,,
,,&,,,,,,,,&,,
,,,,,&,,,,,,»,Ω
W,,,,,,P,Ω,W,,,,
,ò,¶,R,,,,,,,,&,
,,,,∞,º,W,,,,,,
,&,,,,,,,,&,,,
,,,,&,,,,,,0,Ö,Z
,,,,,ò,K,U,,,,,
x,Õ,",",,,,,,,,&,,
,,,∞,º,W,,,,,,,
&,,,,,,,,&,,,,
,,,&,,,,,,»,Ω,W,
,,,,P,Ω,W,,,,,,ò
¶,R,,,,,,,,&,,,
,,∞,º,W,,,,,,,,&
,,,,,,,&,,,,,
,,&,,,,,,X,†,U,,
,,,,®,U,,,,,,`,Ã
",",,,,,,,,&,,,,
,∞,º,W,,,,,,,,&,
,,,,,,&,,,,,,
,&,,,,,,0,¿,I,,,
,,,§,U,,,,,,`,Ã,","
,,,,,,,&,,,,,
∞,º,W,,,,,,,,&,,
,,,,,&,,,,,,,
&,,,,,,»,Ω,W,,,,
,P,Ω,W,,,,,,ò,¶,R,
,,,,,,&,,,,,,∞
º,W,,,,,,,,&,,,
,,,,&,,,,,,,,&
,,,,,»,Ω,W,,,,,
P,Ω,W,,,,,,ò,¶,R,,
,,,,,&,,,,,,∞,º
W,,,,,,,,&,,,,
,,,&,,,,,,,,&,
,,,,»,£,U,,,,,,¯
,A,,,,,,X,,A,,,
,,,,&,,,,,,∞,º,W
,,,,,,,&,,,,,
,,&,,,,,,,,&,,
,,,»,Ω,W,,,,,,P,Ω
W,,,,,,ò,¶,R,,,,
,,,&,,,,,,∞,º,W,
,,,,,,&,,,,,,
,&,,,,,,,,&,,,
,,0,Ö,Z,,,,,,ò,K,U
,,,,,x,Õ,",",,,,,
,,&,,,,,,∞,º,W,,
,,,,,&,,,,,,,
&,,,,,,,,&,,,,
,»,Ω,W,,,,,,P,Ω,W,
,,,,ò,¶,R,,,,,,
,&,,,,,,∞,º,W,,,
,,,,&,,,,,,,,&
,,,,,,,&,,,,,
X,†,U,,,,,,,®,U,,
,,,`,Ã,",",,,,,,,
&,,,,,,∞,º,W,,,,
,,,&,,,,,,,,&,
,,,,,,&,,,,,,»
Ω,W,,,,,,p,,A,,,
,,X,,A,,,,,,,,&
,,,,,∞,º,W,,,,,
,,&,,,,,,,,&,,
,,,,,&,,,,,,»,Ω
W,,,,,,P,Ω,W,,,,
,ò,¶,R,,,,,,,,&,
,,,,∞,º,W,,,,,,
,&,,,,,,,,&,,,
,,,,&,,,,,,»,Ω,W
,,,,,P,Ω,W,,,,,
ò,¶,R,,,,,,,,&,,
,,,∞,º,W,,,,,,,
&,,,,,,,,&,,,,
,,,&,,,,,,,N,U,
,,,,,§,U,,,,,,`
Ã,",",,,,,,,,&,,,
,,∞,º,W,,,,,,,,&
,,,,,,,&,,,,,
,,&,,,,,,»,Ω,W,,
,,,P,Ω,W,,,,,,ò,¶
R,,,,,,,,&,,,,
,∞,º,W,,,,,,,,&,
,,,,,,&,,,,,,
,&,,,,,,(,,&,,,
,,8,ß,U,,,,,,®,è,H
,,,,,,,&,,,,,
∞,º,W,,,,,,,,&,,
,,,,,&,,,,,,,
&,,,,,,»,Ω,W,,,,
,P,Ω,W,,,,,,ò,¶,R,
,,,,,,&,,,,,,∞
º,W,,,,,,,,&,,,
,,,,&,,,,,,,,&
,,,,,X,†,U,,,,,
,®,U,,,,,,`,Ã,",",,
,,,,,&,,,,,,∞,º
W,,,,,,,,&,,,,
,,,&,,,,,,,,&,
,,,,0,¿,I,,,,,,
§,U,,,,,,`,Ã,",",,,
,,,,&,,,,,,∞,º,W
,,,,,,,&,,,,,
,,&,,,,,,,,&,,
,,,»,Ω,W,,,,,,P,Ω
W,,,,,,ò,¶,R,,,,
,,,&,,,,,,∞,º,W,
,,,,,,&,,,,,,
,&,,,,,,,,&,,,
,,»,Ω,W,,,,,,P,Ω,W
,,,,,ò,¶,R,,,,,
,,&,,,,,,∞,º,W,,
,,,,,&,,,,,,,
&,,,,,,,,&,,,,
,¯,Ä,Z,,,,,,,Ω,W,
,,,,ò,¶,R,,,,,,
,&,,,,,,∞,º,W,,,
,,,,&,,,,,,,,&
,,,,,,,&,,,,,
»,Ω,W,,,,,,P,Ω,W,,
,,,ò,¶,R,,,,,,,
&,,,,,,∞,º,W,,,,
,,,&,,,,,,,,&,
,,,,,,&,,,,,,0
Ö,Z,,,,,,ò,K,U,,,
,,x,Õ,",",,,,,,,,&
,,,,,∞,º,W,,,,,
,,&,,,,,,,,&,,
,,,,,&,,,,,,»,Ω
W,,,,,,P,Ω,W,,,,
,ò,¶,R,,,,,,,,&,
,,,,∞,º,W,,,,,,
,&,,,,,,,,&,,,
,,,,&,,,,,,X,†,U
,,,,,,®,U,,,,,
`,Ã,",",,,,,,,,&,,
,,,∞,º,W,,,,,,,
&,,,,,,,,&,,,,
,,,&,,,,,,»,Ω,W,
,,,,p,,A,,,,,,X
,A,,,,,,,,&,,,
,,∞,º,W,,,,,,,,&
,,,,,,,&,,,,,
,,&,,,,,,»,Ω,W,,
,,,P,Ω,W,,,,,,ò,¶
R,,,,,,,,&,,,,
,∞,º,W,,,,,,,,&,
,,,,,,&,,,,,,
,&,,,,,,»,Ω,W,,,
,,P,Ω,W,,,,,,ò,¶,R
,,,,,,,&,,,,,
∞,º,W,,,,,,,,&,,
,,,,,&,,,,,,,
&,,,,,,,N,U,,,,
,,§,U,,,,,,`,Ã,",",
,,,,,,&,,,,,,∞
º,W,,,,,,,,&,,,
,,,,&,,,,,,,,&
,,,,,»,Ω,W,,,,,
P,Ω,W,,,,,,ò,¶,R,,
,,,,,&,,,,,,∞,º
W,,,,,,,,&,,,,
,,,&,,,,,,,,&,
,,,,(,,&,,,,,,8
ß,U,,,,,,®,è,H,,,
,,,,&,,,,,,∞,º,W
,,,,,,,&,,,,,
,,&,,,,,,,,&,,
,,,»,Ω,W,,,,,,P,Ω
W,,,,,,ò,¶,R,,,,
,,,&,,,,,,∞,º,W,
,,,,,,&,,,,,,
,&,,,,,,,,&,,,
,,X,†,U,,,,,,,®,U
,,,,,`,Ã,",",,,,,
,,&,,,,,,∞,º,W,,
,,,,,&,,,,,,,
&,,,,,,,,&,,,,
,0,¿,I,,,,,,,§,U,
,,,,`,Ã,",",,,,,,
,&,,,,,,∞,º,W,,,
,,,,&,,,,,,,,&
,,,,,,,&,,,,,
»,Ω,W,,,,,,P,Ω,W,,
,,,ò,¶,R,,,,,,,
&,,,,,,∞,º,W,,,,
,,,&,,,,,,,,&,
,,,,,,&,,,,,,»
Ω,W,,,,,,P,Ω,W,,,
,,ò,¶,R,,,,,,,,&
,,,,,∞,º,W,,,,,
,,&,,,,,,,,&,,
,,,,,&,,,,,,»,£
U,,,,,,¯,,A,,,,
,X,,A,,,,,,,,&,
,,,,∞,º,W,,,,,,
,&,,,,,,,,&,,,
,,,,&,,,,,,»,Ω,W
,,,,,P,Ω,W,,,,,
ò,¶,R,,,,,,,,&,,
,,,∞,º,W,,,,,,,
&,,,,,,,,&,,,,
,,,&,,,,,,0,Ö,Z,
,,,,ò,K,U,,,,,,x
Õ,",",,,,,,,,&,,,
,,∞,º,W,,,,,,,,&
,,,,,,,&,,,,,
,,&,,,,,,»,Ω,W,,
,,,P,Ω,W,,,,,,ò,¶
R,,,,,,,,&,,,,
,∞,º,W,,,,,,,,&,
,,,,,,&,,,,,,
,&,,,,,,X,†,U,,,
,,,®,U,,,,,,`,Ã,","
,,,,,,,&,,,,,
∞,º,W,,,,,,,,&,,
,,,,,&,,,,,,,
&,,,,,, ,Å,Z,,,,
,,ß,U,,,,,, ,À,",",
,,,,,,&,,,,,,∞
º,W,,,,,,,,&,,,
,,,,&,,,,,,,,&
,,,,,»,Ω,W,,,,,
P,Ω,W,,,,,,ò,¶,R,,
,,,,,&,,,,,,∞,º
W,,,,,,,,&,,,,
,,,&,,,,,,,,&,
,,,,»,Ω,W,,,,,,P
Ω,W,,,,,,ò,¶,R,,,
,,,,&,,,,,,∞,º,W
,,,,,,,&,,,,,
,,&,,,,,,,,&,,
,,,,N,U,,,,,,,§
U,,,,,,`,Ã,",",,,,
,,,&,,,,,,∞,º,W,
,,,,,,&,,,,,,
,&,,,,,,,,&,,,
,,»,Ω,W,,,,,,P,Ω,W
,,,,,ò,¶,R,,,,,
,,&,,,,,,∞,º,W,,
,,,,,&,,,,,,,
&,,,,,,,,&,,,,
,(,,&,,,,,,8,ß,U,
,,,,®,è,H,,,,,,
,&,,,,,,∞,º,W,,,
,,,,&,,,,,,,,&
,,,,,,,&,,,,,
»,Ω,W,,,,,,P,Ω,W,,
,,,ò,¶,R,,,,,,,
&,,,,,,∞,º,W,,,,
,,,&,,,,,,,,&,
,,,,,,&,,,,,,X
†,U,,,,,,,®,U,,,
,,`,Ã,",",,,,,,,,&
,,,,,∞,º,W,,,,,
,,&,,,,,,,,&,,
,,,,,&,,,,,,0,¿
I,,,,,,,§,U,,,,
,`,Ã,",",,,,,,,,&,
,,,,∞,º,W,,,,,,
,&,,,,,,,,&,,,
,,,,&,,,,,,»,Ω,W
,,,,,P,Ω,W,,,,,
ò,¶,R,,,,,,,,&,,
,,,∞,º,W,,,,,,,
&,,,,,,,,&,,,,
,,,&,,,,,,»,Ω,W,
,,,,P,Ω,W,,,,,,ò
¶,R,,,,,,,,&,,,
,,∞,º,W,,,,,,,,&
,,,,,,,&,,,,,
,,&,,,,,,¯,Ä,Z,,
,,,,Ω,W,,,,,,ò,¶
R,,,,,,,,&,,,,
,∞,º,W,,,,,,,,&,
,,,,,,&,,,,,,
,&,,,,,,»,Ω,W,,,
,,P,Ω,W,,,,,,ò,¶,R
,,,,,,,&,,,,,
∞,º,W,,,,,,,,&,,
,,,,,&,,,,,,,
&,,,,,,0,Ö,Z,,,,
,ò,K,U,,,,,,x,Õ,",",
,,,,,,&,,,,,,∞
º,W,,,,,,,,&,,,
,,,,&,,,,,,,,&
,,,,,»,Ω,W,,,,,
P,Ω,W,,,,,,ò,¶,R,,
,,,,,&,,,,,,∞,º
W,,,,,,,,&,,,,
,,,&,,,,,,,,&,
,,,,X,†,U,,,,,,
®,U,,,,,,`,Ã,",",,,
,,,,&,,,,,,∞,º,W
,,,,,,,&,,,,,
,,&,,,,,,,,&,,
,,,,É,Z,,,,,,Ë,¶
U,,,,,,X,,A,,,,
,,,&,,,,,,∞,º,W,
,,,,,,&,,,,,,
,&,,,,,,,,&,,,
,,»,Ω,W,,,,,,P,Ω,W
,,,,,ò,¶,R,,,,,
,,&,,,,,,∞,º,W,,
,,,,,&,,,,,,,
&,,,,,,,,&,,,,
,»,Ω,W,,,,,,P,Ω,W,
,,,,ò,¶,R,,,,,,
,&,,,,,,∞,º,W,,,
,,,,&,,,,,,,,&
,,,,,,,&,,,,,
,N,U,,,,,,,§,U,,
,,,`,Ã,",",,,,,,,
&,,,,,,∞,º,W,,,,
,,,&,,,,,,,,&,
,,,,,,&,,,,,,»
Ω,W,,,,,,P,Ω,W,,,
,,ò,¶,R,,,,,,,,&
,,,,,∞,º,W,,,,,
,,&,,,,,,,,&,,
,,,,,&,,,,,,@,
&,,,,,, ,°,U,,,,
,®,è,H,,,,,,,,&,
,,,,∞,º,W,,,,,,
,&,,,,,,,,&,,,
,,,,&,,,,,,»,Ω,W
,,,,,P,Ω,W,,,,,
ò,¶,R,,,,,,,,&,,
,,,∞,º,W,,,,,,,
&,,,,,,,,&,,,,
,,,&,,,,,,X,†,U,
,,,,,®,U,,,,,,`
Ã,",",,,,,,,,&,,,
,,∞,º,W,,,,,,,,&
,,,,,,,&,,,,,
,,&,,,,,,0,¿,I,,
,,,,§,U,,,,,,`,Ã
",",,,,,,,,&,,,,
,∞,º,W,,,,,,,,&,
,,,,,,&,,,,,,
,&,,,,,,»,Ω,W,,,
,,P,Ω,W,,,,,,ò,¶,R
,,,,,,,&,,,,,
∞,º,W,,,,,,,,&,,
,,,,,&,,,,,,,
&,,,,,,»,Ω,W,,,,
,P,Ω,W,,,,,,ò,¶,R,
,,,,,,&,,,,,,∞
º,W,,,,,,,,&,,,
,,,,&,,,,,,,,&
,,,,,@,,&,,,,,
,á,H,,,,,,X,,A,,
,,,,,&,,,,,,∞,º
W,,,,,,,,&,,,,
,,,&,,,,,,,,&,
,,,,»,Ω,W,,,,,,P
Ω,W,,,,,,ò,¶,R,,,
,,,,&,,,,,,∞,º,W
,,,,,,,&,,,,,
,,&,,,,,,,,&,,
,,,0,Ö,Z,,,,,,ò,K
U,,,,,,x,Õ,",",,,,
,,,&,,,,,,∞,º,W,
,,,,,,&,,,,,,
,&,,,,,,,,&,,,
,,»,Ω,W,,,,,,P,Ω,W
,,,,,ò,¶,R,,,,,
,,&,,,,,,∞,º,W,,
,,,,,&,,,,,,,
&,,,,,,,,&,,,,
,X,†,U,,,,,,,®,U,
,,,,`,Ã,",",,,,,,
,&,,,,,,∞,º,W,,,
,,,,&,,,,,,,,&
,,,,,,,&,,,,,
¯,Ä,Z,,,,,,®,•,U,,
,,,`,Ã,",",,,,,,,
&,,,,,,∞,º,W,,,,
,,,&,,,,,,,,&,
,,,,,,&,,,,,,»
Ω,W,,,,,,P,Ω,W,,,
,,ò,¶,R,,,,,,,,&
,,,,,∞,º,W,,,,,
,,&,,,,,,,,&,,
,,,,,&,,,,,,»,Ω
W,,,,,,P,Ω,W,,,,
,ò,¶,R,,,,,,,,&,
,,,,∞,º,W,,,,,,
,&,,,,,,,,&,,,
,,,,&,,,,,,,N,U
,,,,,,§,U,,,,,
`,Ã,",",,,,,,,,&,,
,,,∞,º,W,,,,,,,
&,,,,,,,,&,,,,
,,,&,,,,,,»,Ω,W,
,,,,P,Ω,W,,,,,,ò
¶,R,,,,,,,,&,,,
,,∞,º,W,,,,,,,,&
,,,,,,,&,,,,,
,,&,,,,,,H,Ü,H,,
,,,`,Ç,Z,,,,,,H,Ü
H,,,,,,,,&,,,,
,∞,º,W,,,,,,,,&,
,,,,,,&,,,,,,
,&,,,,,,»,Ω,W,,,
,,P,Ω,W,,,,,,ò,¶,R
,,,,,,,&,,,,,
∞,º,W,,,,,,,,&,,
,,,,,&,,,,,,,
&,,,,,,X,†,U,,,,
,,®,U,,,,,,`,Ã,",",
,,,,,,&,,,,,,∞
º,W,,,,,,,,&,,,
,,,,&,,,,,,,,&
,,,,,0,¿,I,,,,,
,§,U,,,,,,`,Ã,",",,
,,,,,&,,,,,,∞,º
W,,,,,,,,&,,,,
,,,&,,,,,,,,&,
,,,,»,Ω,W,,,,,,P
Ω,W,,,,,,ò,¶,R,,,
,,,,&,,,,,,∞,º,W
,,,,,,,&,,,,,
,,&,,,,,,,,&,,
,,,»,Ω,W,,,,,,P,Ω
W,,,,,,ò,¶,R,,,,
,,,&,,,,,,∞,º,W,
,,,,,,&,,,,,,
,&,,,,,,,,&,,,
,,‡,,A,,,,,,p,K,U
,,,,,®,è,H,,,,,
,,&,,,,,,∞,º,W,,
,,,,,&,,,,,,,
&,,,,,,,,&,,,,
,»,Ω,W,,,,,,P,Ω,W,
,,,,ò,¶,R,,,,,,
,&,,,,,,∞,º,W,,,
,,,,&,,,,,,,,&
,,,,,,,&,,,,,
0,Ö,Z,,,,,,ò,K,U,,
,,,x,Õ,",",,,,,,,
&,,,,,,∞,º,W,,,,
,,,&,,,,,,,,&,
,,,,,,&,,,,,,»
Ω,W,,,,,,P,Ω,W,,,
,,ò,¶,R,,,,,,,,&
,,,,,∞,º,W,,,,,
,,&,,,,,,,,&,,
,,,,,&,,,,,,X,†
U,,,,,,,®,U,,,,
,`,Ã,",",,,,,,,,&,
,,,,∞,º,W,,,,,,
,&,,,,,,,,&,,,
,,,,&,,,,,,,É,Z
,,,,,Ë,¶,U,,,,,
X,,A,,,,,,,,&,,
,,,∞,º,W,,,,,,,
&,,,,,,,,&,,,,
,,,&,,,,,,»,Ω,W,
,,,,P,Ω,W,,,,,,ò
¶,R,,,,,,,,&,,,
,,∞,º,W,,,,,,,,&
,,,,,,,&,,,,,
,,&,,,,,,»,Ω,W,,
,,,P,Ω,W,,,,,,ò,¶
R,,,,,,,,&,,,,
,∞,º,W,,,,,,,,&,
,,,,,,&,,,,,,
,&,,,,,,,N,U,,,
,,,§,U,,,,,,`,Ã,","
,,,,,,,&,,,,,
∞,º,W,,,,,,,,&,,
,,,,,&,,,,,,,
&,,,,,,»,Ω,W,,,,
,P,Ω,W,,,,,,ò,¶,R,
,,,,,,&,,,,,,∞
º,W,,,,,,,,&,,,
,,,,&,,,,,,,,&
,,,,,@,,&,,,,,
 ,°,U,,,,,,®,è,H,,
,,,,,&,,,,,,∞,º
W,,,,,,,,&,,,,
,,,&,,,,,,,,&,
,,,,»,Ω,W,,,,,,P
Ω,W,,,,,,ò,¶,R,,,
,,,,&,,,,,,∞,º,W
,,,,,,,&,,,,,
,,&,,,,,,,,&,,
,,,X,†,U,,,,,,,®
U,,,,,,`,Ã,",",,,,
,,,&,,,,,,∞,º,W,
,,,,,,&,,,,,,
,&,,,,,,,,&,,,
,,0,¿,I,,,,,,,§,U
,,,,,`,Ã,",",,,,,
,,&,,,,,,∞,º,W,,
,,,,,&,,,,,,,
&,,,,,,,,&,,,,
,»,Ω,W,,,,,,P,Ω,W,
,,,,ò,¶,R,,,,,,
,&,,,,,,∞,º,W,,,
,,,,&,,,,,,,,&
,,,,,,,&,,,,,
»,Ω,W,,,,,,P,Ω,W,,
,,,ò,¶,R,,,,,,,
&,,,,,,∞,º,W,,,,
,,,&,,,,,,,,&,
,,,,,,&,,,,,,@
,&,,,,,,,á,H,,,
,,X,,A,,,,,,,,&
,,,,,∞,º,W,,,,,
,,&,,,,,,,,&,,
,,,,,&,,,,,,»,Ω
W,,,,,,P,Ω,W,,,,
,ò,¶,R,,,,,,,,&,
,,,,∞,º,W,,,,,,
,&,,,,,,,,&,,,
,,,,&,,,,,,0,Ö,Z
,,,,,ò,K,U,,,,,
x,Õ,",",,,,,,,,&,,
,,,∞,º,W,,,,,,,
&,,,,,,,,&,,,,
,,,&,,,,,,»,Ω,W,
,,,,P,Ω,W,,,,,,ò
¶,R,,,,,,,,&,,,
,,∞,º,W,,,,,,,,&
,,,,,,,&,,,,,
,,&,,,,,,X,†,U,,
,,,,®,U,,,,,,`,Ã
",",,,,,,,,&,,,,
,∞,º,W,,,,,,,,&,
,,,,,,&,,,,,,
,&,,,,,,(,,&,,,
,,Ë,Å,Z,,,,,,P,ç,H
,,,,,,,&,,,,,
∞,º,W,,,,,,,,&,,
,,,,,&,,,,,,,
&,,,,,,»,Ω,W,,,,
,P,Ω,W,,,,,,ò,¶,R,
,,,,,,&,,,,,,∞
º,W,,,,,,,,&,,,
,,,,&,,,,,,,,&
,,,,,»,Ω,W,,,,,
P,Ω,W,,,,,,ò,¶,R,,
,,,,,&,,,,,,∞,º
W,,,,,,,,&,,,,
,,,&,,,,,,,,&,
,,,,,N,U,,,,,,
§,U,,,,,,`,Ã,",",,,
,,,,&,,,,,,∞,º,W
,,,,,,,&,,,,,
,,&,,,,,,,,&,,
,,,»,Ω,W,,,,,,P,Ω
W,,,,,,ò,¶,R,,,,
,,,&,,,,,,∞,º,W,
,,,,,,&,,,,,,
,&,,,,,,,,&,,,
,,@,,&,,,,,, ,°,U
,,,,,®,è,H,,,,,
,,&,,,,,,∞,º,W,,
,,,,,&,,,,,,,
&,,,,,,,,&,,,,
,»,Ω,W,,,,,,P,Ω,W,
,,,,ò,¶,R,,,,,,
,&,,,,,,∞,º,W,,,
,,,,&,,,,,,,,&
,,,,,,,&,,,,,
X,†,U,,,,,,,®,U,,
,,,`,Ã,",",,,,,,,
&,,,,,,∞,º,W,,,,
,,,&,,,,,,,,&,
,,,,,,&,,,,,,0
¿,I,,,,,,,§,U,,,
,,`,Ã,",",,,,,,,,&
,,,,,∞,º,W,,,,,
,,&,,,,,,,,&,,
,,,,,&,,,,,,»,Ω
W,,,,,,P,Ω,W,,,,
,ò,¶,R,,,,,,,,&,
,,,,∞,º,W,,,,,,
,&,,,,,,,,&,,,
,,,,&,,,,,,»,Ω,W
,,,,,P,Ω,W,,,,,
ò,¶,R,,,,,,,,&,,
,,,∞,º,W,,,,,,,
&,,,,,,,,&,,,,
,,,&,,,,,,‡,N,U,
,,,,»,É,Z,,,,,,H
Ü,H,,,,,,,,&,,,
,,∞,º,W,,,,,,,,&
,,,,,,,&,,,,,
,,&,,,,,,»,Ω,W,,
,,,P,Ω,W,,,,,,ò,¶
R,,,,,,,,&,,,,
,∞,º,W,,,,,,,,&,
,,,,,,&,,,,,,
,&,,,,,,0,Ö,Z,,,
,,ò,K,U,,,,,,x,Õ,","
,,,,,,,&,,,,,
∞,º,W,,,,,,,,&,,
,,,,,&,,,,,,,
&,,,,,,»,Ω,W,,,,
,P,Ω,W,,,,,,ò,¶,R,
,,,,,,&,,,,,,∞
º,W,,,,,,,,&,,,
,,,,&,,,,,,,,&
,,,,,X,†,U,,,,,
,®,U,,,,,,`,Ã,",",,
,,,,,&,,,,,,∞,º
W,,,,,,,,&,,,,
,,,&,,,,,,,,&,
,,,,¯,Ä,Z,,,,,,®
•,U,,,,,,`,Ã,",",,,
,,,,&,,,,,,∞,º,W
,,,,,,,&,,,,,
,,&,,,,,,,,&,,
,,,»,Ω,W,,,,,,P,Ω
W,,,,,,ò,¶,R,,,,
,,,&,,,,,,∞,º,W,
,,,,,,&,,,,,,
,&,,,,,,,,&,,,
,,»,Ω,W,,,,,,P,Ω,W
,,,,,ò,¶,R,,,,,
,,&,,,,,,∞,º,W,,
,,,,,&,,,,,,,
&,,,,,,,,&,,,,
,,N,U,,,,,,,§,U,
,,,,`,Ã,",",,,,,,
,&,,,,,,∞,º,W,,,
,,,,&,,,,,,,,&
,,,,,,,&,,,,,
»,Ω,W,,,,,,P,Ω,W,,
,,,ò,¶,R,,,,,,,
&,,,,,,∞,º,W,,,,
,,,&,,,,,,,,&,
,,,,,,&,,,,,,(
,&,,,,,,8,ß,U,,,
,,®,è,H,,,,,,,,&
,,,,,∞,º,W,,,,,
,,&,,,,,,,,&,,
,,,,,&,,,,,,»,Ω
W,,,,,,P,Ω,W,,,,
,ò,¶,R,,,,,,,,&,
,,,,∞,º,W,,,,,,
,&,,,,,,,,&,,,
,,,,&,,,,,,X,†,U
,,,,,,®,U,,,,,
`,Ã,",",,,,,,,,&,,
,,,∞,º,W,,,,,,,
&,,,,,,,,&,,,,
,,,&,,,,,,0,¿,I,
,,,,,§,U,,,,,,`
Ã,",",,,,,,,,&,,,
,,∞,º,W,,,,,,,,&
,,,,,,,&,,,,,
,,&,,,,,,»,Ω,W,,
,,,P,Ω,W,,,,,,ò,¶
R,,,,,,,,&,,,,
,∞,º,W,,,,,,,,&,
,,,,,,&,,,,,,
,&,,,,,,»,Ω,W,,,
,,P,Ω,W,,,,,,ò,¶,R
,,,,,,,&,,,,,
∞,º,W,,,,,,,,&,,
,,,,,&,,,,,,,
&,,,,,,†,M,U,,,,
,h,æ,W,,,,,,(,ç,H,
,,,,,,&,,,,,,∞
º,W,,,,,,,,&,,,
,,,,&,,,,,,,,&
,,,,,»,Ω,W,,,,,
P,Ω,W,,,,,,ò,¶,R,,
,,,,,&,,,,,,∞,º
W,,,,,,,,&,,,,
,,,&,,,,,,,,&,
,,,,0,Ö,Z,,,,,,ò
K,U,,,,,,x,Õ,",",,,
,,,,&,,,,,,∞,º,W
,,,,,,,&,,,,,
,,&,,,,,,,,&,,
,,,»,Ω,W,,,,,,P,Ω
W,,,,,,ò,¶,R,,,,
,,,&,,,,,,∞,º,W,
,,,,,,&,,,,,,
,&,,,,,,,,&,,,
,,X,†,U,,,,,,,®,U
,,,,,`,Ã,",",,,,,
,,&,,,,,,∞,º,W,,
,,,,,&,,,,,,,
&,,,,,,,,&,,,,
,,É,Z,,,,,,Ë,¶,U,
,,,,X,,A,,,,,,
,&,,,,,,∞,º,W,,,
,,,,&,,,,,,,,&
,,,,,,,&,,,,,
»,Ω,W,,,,,,P,Ω,W,,
,,,ò,¶,R,,,,,,,
&,,,,,,∞,º,W,,,,
,,,&,,,,,,,,&,
,,,,,,&,,,,,,»
Ω,W,,,,,,P,Ω,W,,,
,,ò,¶,R,,,,,,,,&
,,,,,∞,º,W,,,,,
,,&,,,,,,,,&,,
,,,,,&,,,,,,,N
U,,,,,,,§,U,,,,
,`,Ã,",",,,,,,,,&,
,,,,∞,º,W,,,,,,
,&,,,,,,,,&,,,
,,,,&,,,,,,»,Ω,W
,,,,,P,Ω,W,,,,,
ò,¶,R,,,,,,,,&,,
,,,∞,º,W,,,,,,,
&,,,,,,,,&,,,,
,,,&,,,,,,H,Ü,H,
,,,,`,Ç,Z,,,,,,H
Ü,H,,,,,,,,&,,,
,,∞,º,W,,,,,,,,&
,,,,,,,&,,,,,
,,&,,,,,,»,Ω,W,,
,,,P,Ω,W,,,,,,ò,¶
R,,,,,,,,&,,,,
,∞,º,W,,,,,,,,&,
,,,,,,&,,,,,,
,&,,,,,,X,†,U,,,
,,,®,U,,,,,,`,Ã,","
,,,,,,,&,,,,,
∞,º,W,,,,,,,,&,,
,,,,,&,,,,,,,
&,,,,,,0,¿,I,,,,
,,§,U,,,,,,`,Ã,",",
,,,,,,&,,,,,,∞
º,W,,,,,,,,&,,,
,,,,&,,,,,,,,&
,,,,,»,Ω,W,,,,,
P,Ω,W,,,,,,ò,¶,R,,
,,,,,&,,,,,,∞,º
W,,,,,,,,&,,,,
,,,&,,,,,,,,&,
,,,,»,Ω,W,,,,,,P
Ω,W,,,,,,ò,¶,R,,,
,,,,&,,,,,,∞,º,W
,,,,,,,&,,,,,
,,&,,,,,,,,&,,
,,,@,,&,,,,,,,á
H,,,,,,X,,A,,,,
,,,&,,,,,,∞,º,W,
,,,,,,&,,,,,,
,&,,,,,,,,&,,,
,,»,Ω,W,,,,,,P,Ω,W
,,,,,ò,¶,R,,,,,
,,&,,,,,,∞,º,W,,
,,,,,&,,,,,,,
&,,,,,,,,&,,,,
,0,Ö,Z,,,,,,ò,K,U,
,,,,x,Õ,",",,,,,,
,&,,,,,,∞,º,W,,,
,,,,&,,,,,,,,&
,,,,,,,&,,,,,
»,Ω,W,,,,,,P,Ω,W,,
,,,ò,¶,R,,,,,,,
&,,,,,,∞,º,W,,,,
,,,&,,,,,,,,&,
,,,,,,&,,,,,,X
†,U,,,,,,,®,U,,,
,,`,Ã,",",,,,,,,,&
,,,,,∞,º,W,,,,,
,,&,,,,,,,,&,,
,,,,,&,,,,,,(,
&,,,,,,Ë,Å,Z,,,,
,P,ç,H,,,,,,,,&,
,,,,∞,º,W,,,,,,
,&,,,,,,,,&,,,
,,,,&,,,,,,»,Ω,W
,,,,,P,Ω,W,,,,,
ò,¶,R,,,,,,,,&,,
,,,∞,º,W,,,,,,,
&,,,,,,,,&,,,,
,,,&,,,,,,»,Ω,W,
,,,,P,Ω,W,,,,,,ò
¶,R,,,,,,,,&,,,
,,∞,º,W,,,,,,,,&
,,,,,,,&,,,,,
,,&,,,,,,,N,U,,
,,,,§,U,,,,,,`,Ã
",",,,,,,,,&,,,,
,∞,º,W,,,,,,,,&,
,,,,,,&,,,,,,
,&,,,,,,»,Ω,W,,,
,,P,Ω,W,,,,,,ò,¶,R
,,,,,,,&,,,,,
∞,º,W,,,,,,,,&,,
,,,,,&,,,,,,,
&,,,,,,H,Ü,H,,,,
,`,Ç,Z,,,,,,H,Ü,H,
,,,,,,&,,,,,,∞
º,W,,,,,,,,&,,,
,,,,&,,,,,,,,&
,,,,,»,Ω,W,,,,,
P,Ω,W,,,,,,ò,¶,R,,
,,,,,&,,,,,,∞,º
W,,,,,,,,&,,,,
,,,&,,,,,,,,&,
,,,,X,†,U,,,,,,
®,U,,,,,,`,Ã,",",,,
,,,,&,,,,,,∞,º,W
,,,,,,,&,,,,,
,,&,,,,,,,,&,,
,,,0,¿,I,,,,,,,§
U,,,,,,`,Ã,",",,,,
,,,&,,,,,,∞,º,W,
,,,,,,&,,,,,,
,&,,,,,,,,&,,,
,,»,Ω,W,,,,,,P,Ω,W
,,,,,ò,¶,R,,,,,
,,&,,,,,,∞,º,W,,
,,,,,&,,,,,,,
&,,,,,,,,&,,,,
,»,Ω,W,,,,,,P,Ω,W,
,,,,ò,¶,R,,,,,,
,&,,,,,,∞,º,W,,,
,,,,&,,,,,,,,&
,,,,,,,&,,,,,
h,ƒ,",",,,,,,8,Ç,Z,,
,,,P,ç,H,,,,,,,
&,,,,,,∞,º,W,,,,
,,,&,,,,,,,,&,
,,,,,,&,,,,,,»
Ω,W,,,,,,P,Ω,W,,,
,,ò,¶,R,,,,,,,,&
,,,,,∞,º,W,,,,,
,,&,,,,,,,,&,,
,,,,,&,,,,,,0,Ö
Z,,,,,,ò,K,U,,,,
,x,Õ,",",,,,,,,,&,
,,,,∞,º,W,,,,,,
,&,,,,,,,,&,,,
,,,,&,,,,,,»,Ω,W
,,,,,P,Ω,W,,,,,
ò,¶,R,,,,,,,,&,,
,,,∞,º,W,,,,,,,
&,,,,,,,,&,,,,
,,,&,,,,,,X,†,U,
,,,,,®,U,,,,,,`
Ã,",",,,,,,,,&,,,
,,∞,º,W,,,,,,,,&
,,,,,,,&,,,,,
,,&,,,,,,»,Ω,W,,
,,,p,,A,,,,,,X,
A,,,,,,,,&,,,,
,∞,º,W,,,,,,,,&,
,,,,,,&,,,,,,
,&,,,,,,»,Ω,W,,,
,,P,Ω,W,,,,,,ò,¶,R
,,,,,,,&,,,,,
∞,º,W,,,,,,,,&,,
,,,,,&,,,,,,,
&,,,,,,»,Ω,W,,,,
,P,Ω,W,,,,,,ò,¶,R,
,,,,,,&,,,,,,∞
º,W,,,,,,,,&,,,
,,,,&,,,,,,,,&
,,,,,,N,U,,,,,
,§,U,,,,,,`,Ã,",",,
,,,,,&,,,,,,∞,º
W,,,,,,,,&,,,,
,,,&,,,,,,,,&,
,,,,»,Ω,W,,,,,,P
Ω,W,,,,,,ò,¶,R,,,
,,,,&,,,,,,∞,º,W
,,,,,,,&,,,,,
,,&,,,,,,,,&,,
,,,(,,&,,,,,,8,ß
U,,,,,,®,è,H,,,,
,,,&,,,,,,∞,º,W,
,,,,,,&,,,,,,
,&,,,,,,,,&,,,
,,»,Ω,W,,,,,,P,Ω,W
,,,,,ò,¶,R,,,,,
,,&,,,,,,∞,º,W,,
,,,,,&,,,,,,,
&,,,,,,,,&,,,,
,X,†,U,,,,,,,®,U,
,,,,`,Ã,",",,,,,,
,&,,,,,,∞,º,W,,,
,,,,&,,,,,,,,&
,,,,,,,&,,,,,
0,¿,I,,,,,,,§,U,,
,,,`,Ã,",",,,,,,,
&,,,,,,∞,º,W,,,,
,,,&,,,,,,,,&,
,,,,,,&,,,,,,»
Ω,W,,,,,,P,Ω,W,,,
,,ò,¶,R,,,,,,,,&
,,,,,∞,º,W,,,,,
,,&,,,,,,,,&,,
,,,,,&,,,,,,»,Ω
W,,,,,,P,Ω,W,,,,
,ò,¶,R,,,,,,,,&,
,,,,∞,º,W,,,,,,
,&,,,,,,,,&,,,
,,,,&,,,,,,Ë,K,U
,,,,,,O,U,,,,,
®,è,H,,,,,,,,&,,
,,,∞,º,W,,,,,,,
&,,,,,,,,&,,,,
,,,&,,,,,,»,Ω,W,
,,,,P,Ω,W,,,,,,ò
¶,R,,,,,,,,&,,,
,,∞,º,W,,,,,,,,&
,,,,,,,&,,,,,
,,&,,,,,,0,Ö,Z,,
,,,ò,K,U,,,,,,x,Õ
",",,,,,,,,&,,,,
,∞,º,W,,,,,,,,&,
,,,,,,&,,,,,,
,&,,,,,,»,Ω,W,,,
,,P,Ω,W,,,,,,ò,¶,R
,,,,,,,&,,,,,
∞,º,W,,,,,,,,&,,
,,,,,&,,,,,,,
&,,,,,,X,†,U,,,,
,,®,U,,,,,,`,Ã,",",
,,,,,,&,,,,,,∞
º,W,,,,,,,,&,,,
,,,,&,,,,,,,,&
,,,,,,É,Z,,,,,
Ë,¶,U,,,,,,X,,A,,
,,,,,&,,,,,,∞,º
W,,,,,,,,&,,,,
,,,&,,,,,,,,&,
,,,,»,Ω,W,,,,,,P
Ω,W,,,,,,ò,¶,R,,,
,,,,&,,,,,,∞,º,W
,,,,,,,&,,,,,
,,&,,,,,,,,&,,
,,,»,Ω,W,,,,,,P,Ω
W,,,,,,ò,¶,R,,,,
,,,&,,,,,,∞,º,W,
,,,,,,&,,,,,,
,&,,,,,,,,&,,,
,,,N,U,,,,,,,§,U
,,,,,`,Ã,",",,,,,
,,&,,,,,,∞,º,W,,
,,,,,&,,,,,,,
&,,,,,,,,&,,,,
,»,Ω,W,,,,,,P,Ω,W,
,,,,ò,¶,R,,,,,,
,&,,,,,,∞,º,W,,,
,,,,&,,,,,,,,&
,,,,,,,&,,,,,
–,è,H,,,,,,x,É,Z,,
,,,H,Ü,H,,,,,,,
&,,,,,,∞,º,W,,,,
,,,&,,,,,,,,&,
,,,,,,&,,,,,,»
Ω,W,,,,,,P,Ω,W,,,
,,ò,¶,R,,,,,,,,&
,,,,,∞,º,W,,,,,
,,&,,,,,,,,&,,
,,,,,&,,,,,,X,†
U,,,,,,,®,U,,,,
,`,Ã,",",,,,,,,,&,
,,,,∞,º,W,,,,,,
,&,,,,,,,,&,,,
,,,,&,,,,,,0,¿,I
,,,,,,§,U,,,,,
`,Ã,",",,,,,,,,&,,
,,,∞,º,W,,,,,,,
&,,,,,,,,&,,,,
,,,&,,,,,,»,Ω,W,
,,,,P,Ω,W,,,,,,ò
¶,R,,,,,,,,&,,,
,,∞,º,W,,,,,,,,&
,,,,,,,&,,,,,
,,&,,,,,,»,Ω,W,,
,,,P,Ω,W,,,,,,ò,¶
R,,,,,,,,&,,,,
,∞,º,W,,,,,,,,&,
,,,,,,&,,,,,,
,&,,,,,,@,,&,,,
,,,á,H,,,,,,X,,A
,,,,,,,&,,,,,
∞,º,W,,,,,,,,&,,
,,,,,&,,,,,,,
&,,,,,,»,Ω,W,,,,
,P,Ω,W,,,,,,ò,¶,R,
,,,,,,&,,,,,,∞
º,W,,,,,,,,&,,,
,,,,&,,,,,,,,&
,,,,,0,Ö,Z,,,,,
ò,K,U,,,,,,x,Õ,",",,
,,,,,&,,,,,,∞,º
W,,,,,,,,&,,,,
,,,&,,,,,,,,&,
,,,,»,Ω,W,,,,,,P
Ω,W,,,,,,ò,¶,R,,,
,,,,&,,,,,,∞,º,W
,,,,,,,&,,,,,
,,&,,,,,,,,&,,
,,,X,†,U,,,,,,,®
U,,,,,,`,Ã,",",,,,
,,,&,,,,,,∞,º,W,
,,,,,,&,,,,,,
,&,,,,,,,,&,,,
,,‡,,A,,,,,,®,•,U
,,,,,`,Ã,",",,,,,
,,&,,,,,,∞,º,W,,
,,,,,&,,,,,,,
&,,,,,,,,&,,,,
,»,Ω,W,,,,,,P,Ω,W,
,,,,ò,¶,R,,,,,,
,&,,,,,,∞,º,W,,,
,,,,&,,,,,,,,&
,,,,,,,&,,,,,
»,Ω,W,,,,,,P,Ω,W,,
,,,ò,¶,R,,,,,,,
&,,,,,,∞,º,W,,,,
,,,&,,,,,,,,&,
,,,,,,&,,,,,,
N,U,,,,,,,§,U,,,
,,`,Ã,",",,,,,,,,&
,,,,,∞,º,W,,,,,
,,&,,,,,,,,&,,
,,,,,&,,,,,,»,Ω
W,,,,,,P,Ω,W,,,,
,ò,¶,R,,,,,,,,&,
,,,,∞,º,W,,,,,,
,&,,,,,,,,&,,,
,,,,&,,,,,,h,§,U
,,,,,»,É,Z,,,,,
H,Ü,H,,,,,,,,&,,
,,,∞,º,W,,,,,,,
&,,,,,,,,&,,,,
,,,&,,,,,,»,Ω,W,
,,,,P,Ω,W,,,,,,ò
¶,R,,,,,,,,&,,,
,,∞,º,W,,,,,,,,&
,,,,,,,&,,,,,
,,&,,,,,,X,†,U,,
,,,,®,U,,,,,,`,Ã
",",,,,,,,,&,,,,
,∞,º,W,,,,,,,,&,
,,,,,,&,,,,,,
,&,,,,,,0,¿,I,,,
,,,§,U,,,,,,`,Ã,","
,,,,,,,&,,,,,
∞,º,W,,,,,,,,&,,
,,,,,&,,,,,,,
&,,,,,,»,Ω,W,,,,
,P,Ω,W,,,,,,ò,¶,R,
,,,,,,&,,,,,,∞
º,W,,,,,,,,&,,,
,,,,&,,,,,,,,&
,,,,,»,Ω,W,,,,,
P,Ω,W,,,,,,ò,¶,R,,
,,,,,&,,,,,,∞,º
W,,,,,,,,&,,,,
,,,&,,,,,,,,&,
,,,,h,ƒ,",",,,,,,8
Ç,Z,,,,,,P,ç,H,,,
,,,,&,,,,,,∞,º,W
,,,,,,,&,,,,,
,,&,,,,,,,,&,,
,,,»,Ω,W,,,,,,P,Ω
W,,,,,,ò,¶,R,,,,
,,,&,,,,,,∞,º,W,
,,,,,,&,,,,,,
,&,,,,,,,,&,,,
,,0,Ö,Z,,,,,,ò,K,U
,,,,,x,Õ,",",,,,,
,,&,,,,,,∞,º,W,,
,,,,,&,,,,,,,
&,,,,,,,,&,,,,
,»,Ω,W,,,,,,P,Ω,W,
,,,,ò,¶,R,,,,,,
,&,,,,,,∞,º,W,,,
,,,,&,,,,,,,,&
,,,,,,,&,,,,,
X,†,U,,,,,,,®,U,,
,,,`,Ã,",",,,,,,,
&,,,,,,∞,º,W,,,,
,,,&,,,,,,,,&,
,,,,,,&,,,,,,Ë
¡,",",,,,,,,á,H,,,
,,X,,A,,,,,,,,&
,,,,,∞,º,W,,,,,
,,&,,,,,,,,&,,
,,,,,&,,,,,,»,Ω
W,,,,,,P,Ω,W,,,,
,ò,¶,R,,,,,,,,&,
,,,,∞,º,W,,,,,,
,&,,,,,,,,&,,,
,,,,&,,,,,,»,Ω,W
,,,,,P,Ω,W,,,,,
ò,¶,R,,,,,,,,&,,
,,,∞,º,W,,,,,,,
&,,,,,,,,&,,,,
,,,&,,,,,,,N,U,
,,,,,§,U,,,,,,`
Ã,",",,,,,,,,&,,,
,,∞,º,W,,,,,,,,&
,,,,,,,&,,,,,
,,&,,,,,,»,Ω,W,,
,,,P,Ω,W,,,,,,ò,¶
R,,,,,,,,&,,,,
,∞,º,W,,,,,,,,&,
,,,,,,&,,,,,,
,&,,,,,,(,,&,,,
,,8,ß,U,,,,,,®,è,H
,,,,,,,&,,,,,
∞,º,W,,,,,,,,&,,
,,,,,&,,,,,,,
&,,,,,,»,Ω,W,,,,
,P,Ω,W,,,,,,ò,¶,R,
,,,,,,&,,,,,,∞
º,W,,,,,,,,&,,,
,,,,&,,,,,,,,&
,,,,,X,†,U,,,,,
,®,U,,,,,,`,Ã,",",,
,,,,,&,,,,,,∞,º
W,,,,,,,,&,,,,
,,,&,,,,,,,,&,
,,,,0,¿,I,,,,,,
§,U,,,,,,`,Ã,",",,,
,,,,&,,,,,,∞,º,W
,,,,,,,&,,,,,
,,&,,,,,,,,&,,
,,,»,Ω,W,,,,,,P,Ω
W,,,,,,ò,¶,R,,,,
,,,&,,,,,,∞,º,W,
,,,,,,&,,,,,,
,&,,,,,,,,&,,,
,,»,Ω,W,,,,,,P,Ω,W
,,,,,ò,¶,R,,,,,
,,&,,,,,,∞,º,W,,
,,,,,&,,,,,,,
&,,,,,,,,&,,,,
,‡,N,U,,,,,,»,É,Z,
,,,,H,Ü,H,,,,,,
,&,,,,,,∞,º,W,,,
,,,,&,,,,,,,,&
,,,,,,,&,,,,,
»,Ω,W,,,,,,P,Ω,W,,
,,,ò,¶,R,,,,,,,
&,,,,,,∞,º,W,,,,
,,,&,,,,,,,,&,
,,,,,,&,,,,,,0
Ö,Z,,,,,,ò,K,U,,,
,,x,Õ,",",,,,,,,,&
,,,,,∞,º,W,,,,,
,,&,,,,,,,,&,,
,,,,,&,,,,,,»,Ω
W,,,,,,P,Ω,W,,,,
,ò,¶,R,,,,,,,,&,
,,,,∞,º,W,,,,,,
,&,,,,,,,,&,,,
,,,,&,,,,,,X,†,U
,,,,,,®,U,,,,,
`,Ã,",",,,,,,,,&,,
,,,∞,º,W,,,,,,,
&,,,,,,,,&,,,,
,,,&,,,,,,H,Ü,H,
,,,,`,Ç,Z,,,,,,P
ç,H,,,,,,,,&,,,
,,∞,º,W,,,,,,,,&
,,,,,,,&,,,,,
,,&,,,,,,»,Ω,W,,
,,,P,Ω,W,,,,,,ò,¶
R,,,,,,,,&,,,,
,∞,º,W,,,,,,,,&,
,,,,,,&,,,,,,
,&,,,,,,»,Ω,W,,,
,,P,Ω,W,,,,,,ò,¶,R
,,,,,,,&,,,,,
∞,º,W,,,,,,,,&,,
,,,,,&,,,,,,,
&,,,,,,,N,U,,,,
,,§,U,,,,,,`,Ã,",",
,,,,,,&,,,,,,∞
º,W,,,,,,,,&,,,
,,,,&,,,,,,,,&
,,,,,»,Ω,W,,,,,
P,Ω,W,,,,,,ò,¶,R,,
,,,,,&,,,,,,∞,º
W,,,,,,,,&,,,,
,,,&,,,,,,,,&,
,,,,h,§,U,,,,,,»
É,Z,,,,,,H,Ü,H,,,
,,,,&,,,,,,∞,º,W
,,,,,,,&,,,,,
,,&,,,,,,,,&,,
,,,»,Ω,W,,,,,,P,Ω
W,,,,,,ò,¶,R,,,,
,,,&,,,,,,∞,º,W,
,,,,,,&,,,,,,
,&,,,,,,,,&,,,
,,X,†,U,,,,,,,®,U
,,,,,`,Ã,",",,,,,
,,&,,,,,,∞,º,W,,
,,,,,&,,,,,,,
&,,,,,,,,&,,,,
,0,¿,I,,,,,,,§,U,
,,,,`,Ã,",",,,,,,
,&,,,,,,∞,º,W,,,
,,,,&,,,,,,,,&
,,,,,,,&,,,,,
»,Ω,W,,,,,,P,Ω,W,,
,,,ò,¶,R,,,,,,,
&,,,,,,∞,º,W,,,,
,,,&,,,,,,,,&,
,,,,,,&,,,,,,»
Ω,W,,,,,,P,Ω,W,,,
,,ò,¶,R,,,,,,,,&
,,,,,∞,º,W,,,,,
,,&,,,,,,,,&,,
,,,,,&,,,,,,»,£
U,,,,,,¯,,A,,,,
,X,,A,,,,,,,,&,
,,,,∞,º,W,,,,,,
,&,,,,,,,,&,,,
,,,,&,,,,,,»,Ω,W
,,,,,P,Ω,W,,,,,
ò,¶,R,,,,,,,,&,,
,,,∞,º,W,,,,,,,
&,,,,,,,,&,,,,
,,,&,,,,,,0,Ö,Z,
,,,,ò,K,U,,,,,,x
Õ,",",,,,,,,,&,,,
,,∞,º,W,,,,,,,,&
,,,,,,,&,,,,,
,,&,,,,,,»,Ω,W,,
,,,P,Ω,W,,,,,,ò,¶
R,,,,,,,,&,,,,
,∞,º,W,,,,,,,,&,
,,,,,,&,,,,,,
,&,,,,,,X,†,U,,,
,,,®,U,,,,,,`,Ã,","
,,,,,,,&,,,,,
∞,º,W,,,,,,,,&,,
,,,,,&,,,,,,,
&,,,,,,Ë,¡,",",,,,
,,á,H,,,,,,X,,A,
,,,,,,&,,,,,,∞
º,W,,,,,,,,&,,,
,,,,&,,,,,,,,&
,,,,,»,Ω,W,,,,,
P,Ω,W,,,,,,ò,¶,R,,
,,,,,&,,,,,,∞,º
W,,,,,,,,&,,,,
,,,&,,,,,,,,&,
,,,,»,Ω,W,,,,,,P
Ω,W,,,,,,ò,¶,R,,,
,,,,&,,,,,,∞,º,W
,,,,,,,&,,,,,
,,&,,,,,,,,&,,
,,,,N,U,,,,,,,§
U,,,,,,`,Ã,",",,,,
,,,&,,,,,,∞,º,W,
,,,,,,&,,,,,,
,&,,,,,,,,&,,,
,,»,Ω,W,,,,,,P,Ω,W
,,,,,ò,¶,R,,,,,
,,&,,,,,,∞,º,W,,
,,,,,&,,,,,,,
&,,,,,,,,&,,,,
,0,Ö,Z,,,,,,ò,K,U,
,,,,x,Õ,",",,,,,,
,&,,,,,,∞,º,W,,,
,,,,&,,,,,,,,&
,,,,,,,&,,,,,
»,Ω,W,,,,,,P,Ω,W,,
,,,ò,¶,R,,,,,,,
&,,,,,,∞,º,W,,,,
,,,&,,,,,,,,&,
,,,,,,&,,,,,,X
†,U,,,,,,,®,U,,,
,,`,Ã,",",,,,,,,,&
,,,,,∞,º,W,,,,,
,,&,,,,,,,,&,,
,,,,,&,,,,,,0,¿
I,,,,,,,§,U,,,,
,`,Ã,",",,,,,,,,&,
,,,,∞,º,W,,,,,,
,&,,,,,,,,&,,,
,,,,&,,,,,,»,Ω,W
,,,,,P,Ω,W,,,,,
ò,¶,R,,,,,,,,&,,
,,,∞,º,W,,,,,,,
&,,,,,,,,&,,,,
,,,&,,,,,,»,Ω,W,
,,,,P,Ω,W,,,,,,ò
¶,R,,,,,,,,&,,,
,,∞,º,W,,,,,,,,&
,,,,,,,&,,,,,
,,&,,,,,,∞,¢,U,,
,,,p,Å,Z,,,,,,P,ç
H,,,,,,,,&,,,,
,∞,º,W,,,,,,,,&,
,,,,,,&,,,,,,
,&,,,,,,»,Ω,W,,,
,,P,Ω,W,,,,,,ò,¶,R
,,,,,,,&,,,,,
∞,º,W,,,,,,,,&,,
,,,,,&,,,,,,,
&,,,,,,0,Ö,Z,,,,
,ò,K,U,,,,,,x,Õ,",",
,,,,,,&,,,,,,∞
º,W,,,,,,,,&,,,
,,,,&,,,,,,,,&
,,,,,»,Ω,W,,,,,
P,Ω,W,,,,,,ò,¶,R,,
,,,,,&,,,,,,∞,º
W,,,,,,,,&,,,,
,,,&,,,,,,,,&,
,,,,X,†,U,,,,,,
®,U,,,,,,`,Ã,",",,,
,,,,&,,,,,,∞,º,W
,,,,,,,&,,,,,
,,&,,,,,,,,&,,
,,,Ë,¡,",",,,,,,,á
H,,,,,,X,,A,,,,
,,,&,,,,,,∞,º,W,
,,,,,,&,,,,,,
,&,,,,,,,,&,,,
,,»,Ω,W,,,,,,P,Ω,W
,,,,,ò,¶,R,,,,,
,,&,,,,,,∞,º,W,,
,,,,,&,,,,,,,
&,,,,,,,,&,,,,
,»,Ω,W,,,,,,P,Ω,W,
,,,,ò,¶,R,,,,,,
,&,,,,,,∞,º,W,,,
,,,,&,,,,,,,,&
,,,,,,,&,,,,,
,N,U,,,,,,,§,U,,
,,,`,Ã,",",,,,,,,
&,,,,,,∞,º,W,,,,
,,,&,,,,,,,,&,
,,,,,,&,,,,,,»
Ω,W,,,,,,P,Ω,W,,,
,,ò,¶,R,,,,,,,,&
,,,,,∞,º,W,,,,,
,,&,,,,,,,,&,,
,,,,,&,,,,,,h,§
U,,,,,,»,É,Z,,,,
,H,Ü,H,,,,,,,,&,
,,,,∞,º,W,,,,,,
,&,,,,,,,,&,,,
,,,,&,,,,,,»,Ω,W
,,,,,P,Ω,W,,,,,
ò,¶,R,,,,,,,,&,,
,,,∞,º,W,,,,,,,
&,,,,,,,,&,,,,
,,,&,,,,,,X,†,U,
,,,,,®,U,,,,,,`
Ã,",",,,,,,,,&,,,
,,∞,º,W,,,,,,,,&
,,,,,,,&,,,,,
,,&,,,,,,0,¿,I,,
,,,,§,U,,,,,,`,Ã
",",,,,,,,,&,,,,
,∞,º,W,,,,,,,,&,
,,,,,,&,,,,,,
,&,,,,,,»,Ω,W,,,
,,P,Ω,W,,,,,,ò,¶,R
,,,,,,,&,,,,,
∞,º,W,,,,,,,,&,,
,,,,,&,,,,,,,
&,,,,,,»,Ω,W,,,,
,P,Ω,W,,,,,,ò,¶,R,
,,,,,,&,,,,,,∞
º,W,,,,,,,,&,,,
,,,,&,,,,,,,,&
,,,,,H,Ü,H,,,,,
`,Ç,Z,,,,,,H,Ü,H,,
,,,,,&,,,,,,∞,º
W,,,,,,,,&,,,,
,,,&,,,,,,,,&,
,,,,»,Ω,W,,,,,,P
Ω,W,,,,,,ò,¶,R,,,
,,,,&,,,,,,∞,º,W
,,,,,,,&,,,,,
,,&,,,,,,,,&,,
,,,0,Ö,Z,,,,,,ò,K
U,,,,,,x,Õ,",",,,,
,,,&,,,,,,∞,º,W,
,,,,,,&,,,,,,
,&,,,,,,,,&,,,
,,»,Ω,W,,,,,,P,Ω,W
,,,,,ò,¶,R,,,,,
,,&,,,,,,∞,º,W,,
,,,,,&,,,,,,,
&,,,,,,,,&,,,,
,X,†,U,,,,,,,®,U,
,,,,`,Ã,",",,,,,,
,&,,,,,,∞,º,W,,,
,,,,&,,,,,,,,&
,,,,,,,&,,,,,
0,¿,I,,,,,, ,,A,,
,,,X,,A,,,,,,,
&,,,,,,∞,º,W,,,,
,,,&,,,,,,,,&,
,,,,,,&,,,,,,»
Ω,W,,,,,,P,Ω,W,,,
,,ò,¶,R,,,,,,,,&
,,,,,∞,º,W,,,,,
,,&,,,,,,,,&,,
,,,,,&,,,,,,»,Ω
W,,,,,,P,Ω,W,,,,
,ò,¶,R,,,,,,,,&,
,,,,∞,º,W,,,,,,
,&,,,,,,,,&,,,
,,,,&,,,,,,,N,U
,,,,,,§,U,,,,,
`,Ã,",",,,,,,,,&,,
,,,∞,º,W,,,,,,,
&,,,,,,,,&,,,,
,,,&,,,,,,»,Ω,W,
,,,,P,Ω,W,,,,,,ò
¶,R,,,,,,,,&,,,
,,∞,º,W,,,,,,,,&
,,,,,,,&,,,,,
,,&,,,,,,h,§,U,,
,,,»,É,Z,,,,,,H,Ü
H,,,,,,,,&,,,,
,∞,º,W,,,,,,,,&,
,,,,,,&,,,,,,
,&,,,,,,»,Ω,W,,,
,,P,Ω,W,,,,,,ò,¶,R
,,,,,,,&,,,,,
∞,º,W,,,,,,,,&,,
,,,,,&,,,,,,,
&,,,,,,X,†,U,,,,
,,®,U,,,,,,`,Ã,",",
,,,,,,&,,,,,,∞
º,W,,,,,,,,&,,,
,,,,&,,,,,,,,&
,,,,,0,¿,I,,,,,
,§,U,,,,,,`,Ã,",",,
,,,,,&,,,,,,∞,º
W,,,,,,,,&,,,,
,,,&,,,,,,,,&,
,,,,»,Ω,W,,,,,,P
Ω,W,,,,,,ò,¶,R,,,
,,,,&,,,,,,∞,º,W
,,,,,,,&,,,,,
,,&,,,,,,,,&,,
,,,»,Ω,W,,,,,,P,Ω
W,,,,,,ò,¶,R,,,,
,,,&,,,,,,∞,º,W,
,,,,,,&,,,,,,
,&,,,,,,,,&,,,
,,¿,,A,,,,,,,¢,U
,,,,,X,,A,,,,,
,,&,,,,,,∞,º,W,,
,,,,,&,,,,,,,
&,,,,,,,,&,,,,
,»,Ω,W,,,,,,P,Ω,W,
,,,,ò,¶,R,,,,,,
,&,,,,,,∞,º,W,,,
,,,,&,,,,,,,,&
,,,,,,,&,,,,,
0,Ö,Z,,,,,,ò,K,U,,
,,,x,Õ,",",,,,,,,
&,,,,,,∞,º,W,,,,
,,,&,,,,,,,,&,
,,,,,,&,,,,,,»
Ω,W,,,,,,P,Ω,W,,,
,,ò,¶,R,,,,,,,,&
,,,,,∞,º,W,,,,,
,,&,,,,,,,,&,,
,,,,,&,,,,,,X,†
U,,,,,,,®,U,,,,
,`,Ã,",",,,,,,,,&,
,,,,∞,º,W,,,,,,
,&,,,,,,,,&,,,
,,,,&,,,,,,‡,N,U
,,,,,¿,Ü,H,,,,,
X,,A,,,,,,,,&,,
,,,∞,º,W,,,,,,,
&,,,,,,,,&,,,,
,,,&,,,,,,»,Ω,W,
,,,,P,Ω,W,,,,,,ò
¶,R,,,,,,,,&,,,
,,∞,º,W,,,,,,,,&
,,,,,,,&,,,,,
,,&,,,,,,»,Ω,W,,
,,,P,Ω,W,,,,,,ò,¶
R,,,,,,,,&,,,,
,∞,º,W,,,,,,,,&,
,,,,,,&,,,,,,
,&,,,,,,,N,U,,,
,,,§,U,,,,,,`,Ã,","
,,,,,,,&,,,,,
∞,º,W,,,,,,,,&,,
,,,,,&,,,,,,,
&,,,,,,»,Ω,W,,,,
,P,Ω,W,,,,,,ò,¶,R,
,,,,,,&,,,,,,∞
º,W,,,,,,,,&,,,
,,,,&,,,,,,,,&
,,,,,h,§,U,,,,,
»,É,Z,,,,,,H,Ü,H,,
,,,,,&,,,,,,∞,º
W,,,,,,,,&,,,,
,,,&,,,,,,,,&,
,,,,»,Ω,W,,,,,,P
Ω,W,,,,,,ò,¶,R,,,
,,,,&,,,,,,∞,º,W
,,,,,,,&,,,,,
,,&,,,,,,,,&,,
,,,X,†,U,,,,,,,®
U,,,,,,`,Ã,",",,,,
,,,&,,,,,,∞,º,W,
,,,,,,&,,,,,,
,&,,,,,,,,&,,,
,,0,¿,I,,,,,,,§,U
,,,,,`,Ã,",",,,,,
,,&,,,,,,∞,º,W,,
,,,,,&,,,,,,,
&,,,,,,,,&,,,,
,»,Ω,W,,,,,,P,Ω,W,
,,,,ò,¶,R,,,,,,
,&,,,,,,∞,º,W,,,
,,,,&,,,,,,,,&
,,,,,,,&,,,,,
»,Ω,W,,,,,,P,Ω,W,,
,,,ò,¶,R,,,,,,,
&,,,,,,∞,º,W,,,,
,,,&,,,,,,,,&,
,,,,,,&,,,,,,
N,U,,,,,,∏,N,U,,,
,,X,,A,,,,,,,,&
,,,,,∞,º,W,,,,,
,,&,,,,,,,,&,,
,,,,,&,,,,,,»,Ω
W,,,,,,P,Ω,W,,,,
,ò,¶,R,,,,,,,,&,
,,,,∞,º,W,,,,,,
,&,,,,,,,,&,,,
,,,,&,,,,,,0,Ö,Z
,,,,,ò,K,U,,,,,
x,Õ,",",,,,,,,,&,,
,,,∞,º,W,,,,,,,
&,,,,,,,,&,,,,
,,,&,,,,,,»,Ω,W,
,,,,P,Ω,W,,,,,,ò
¶,R,,,,,,,,&,,,
,,∞,º,W,,,,,,,,&
,,,,,,,&,,,,,
,,&,,,,,,X,†,U,,
,,,,®,U,,,,,,`,Ã
",",,,,,,,,&,,,,
,∞,º,W,,,,,,,,&,
,,,,,,&,,,,,,
,&,,,,,,Ë,¡,",",,,
,,,á,H,,,,,,X,,A
,,,,,,,&,,,,,
∞,º,W,,,,,,,,&,,
,,,,,&,,,,,,,
&,,,,,,»,Ω,W,,,,
,P,Ω,W,,,,,,ò,¶,R,
,,,,,,&,,,,,,∞
º,W,,,,,,,,&,,,
,,,,&,,,,,,,,&
,,,,,»,Ω,W,,,,,
P,Ω,W,,,,,,ò,¶,R,,
,,,,,&,,,,,,∞,º
W,,,,,,,,&,,,,
,,,&,,,,,,,,&,
,,,,,N,U,,,,,,
§,U,,,,,,`,Ã,",",,,
,,,,&,,,,,,∞,º,W
,,,,,,,&,,,,,
,,&,,,,,,,,&,,
,,,»,Ω,W,,,,,,P,Ω
W,,,,,,ò,¶,R,,,,
,,,&,,,,,,∞,º,W,
,,,,,,&,,,,,,
,&,,,,,,,,&,,,
,,h,§,U,,,,,,»,É,Z
,,,,,H,Ü,H,,,,,
,,&,,,,,,∞,º,W,,
,,,,,&,,,,,,,
&,,,,,,,,&,,,,
,»,Ω,W,,,,,,P,Ω,W,
,,,,ò,¶,R,,,,,,
,&,,,,,,∞,º,W,,,
,,,,&,,,,,,,,&
,,,,,,,&,,,,,
X,†,U,,,,,,,®,U,,
,,,`,Ã,",",,,,,,,
&,,,,,,∞,º,W,,,,
,,,&,,,,,,,,&,
,,,,,,&,,,,,,0
¿,I,,,,,,,§,U,,,
,,`,Ã,",",,,,,,,,&
,,,,,∞,º,W,,,,,
,,&,,,,,,,,&,,
,,,,,&,,,,,,»,Ω
W,,,,,,P,Ω,W,,,,
,ò,¶,R,,,,,,,,&,
,,,,∞,º,W,,,,,,
,&,,,,,,,,&,,,
,,,,&,,,,,,»,Ω,W
,,,,,P,Ω,W,,,,,
ò,¶,R,,,,,,,,&,,
,,,∞,º,W,,,,,,,
&,,,,,,,,&,,,,
,,,&,,,,,,∞,¢,U,
,,,,p,Å,Z,,,,,,P
ç,H,,,,,,,,&,,,
,,∞,º,W,,,,,,,,&
,,,,,,,&,,,,,
,,&,,,,,,»,Ω,W,,
,,,P,Ω,W,,,,,,ò,¶
R,,,,,,,,&,,,,
,∞,º,W,,,,,,,,&,
,,,,,,&,,,,,,
,&,,,,,,0,Ö,Z,,,
,,ò,K,U,,,,,,x,Õ,","
,,,,,,,&,,,,,
∞,º,W,,,,,,,,&,,
,,,,,&,,,,,,,
&,,,,,,»,Ω,W,,,,
,P,Ω,W,,,,,,ò,¶,R,
,,,,,,&,,,,,,∞
º,W,,,,,,,,&,,,
,,,,&,,,,,,,,&
,,,,,X,†,U,,,,,
,®,U,,,,,,`,Ã,",",,
,,,,,&,,,,,,∞,º
W,,,,,,,,&,,,,
,,,&,,,,,,,,&,
,,,, ,Å,Z,,,,,,
ß,U,,,,,, ,À,",",,,
,,,,&,,,,,,∞,º,W
,,,,,,,&,,,,,
,,&,,,,,,,,&,,
,,,»,Ω,W,,,,,,P,Ω
W,,,,,,ò,¶,R,,,,
,,,&,,,,,,∞,º,W,
,,,,,,&,,,,,,
,&,,,,,,,,&,,,
,,»,Ω,W,,,,,,P,Ω,W
,,,,,ò,¶,R,,,,,
,,&,,,,,,∞,º,W,,
,,,,,&,,,,,,,
&,,,,,,,,&,,,,
,,N,U,,,,,,,§,U,
,,,,`,Ã,",",,,,,,
,&,,,,,,∞,º,W,,,
,,,,&,,,,,,,,&
,,,,,,,&,,,,,
»,Ω,W,,,,,,P,Ω,W,,
,,,ò,¶,R,,,,,,,
&,,,,,,∞,º,W,,,,
,,,&,,,,,,,,&,
,,,,,,&,,,,,,h
§,U,,,,,,»,É,Z,,,
,,H,Ü,H,,,,,,,,&
,,,,,∞,º,W,,,,,
,,&,,,,,,,,&,,
,,,,,&,,,,,,»,Ω
W,,,,,,P,Ω,W,,,,
,ò,¶,R,,,,,,,,&,
,,,,∞,º,W,,,,,,
,&,,,,,,,,&,,,
,,,,&,,,,,,X,†,U
,,,,,,®,U,,,,,
`,Ã,",",,,,,,,,&,,
,,,∞,º,W,,,,,,,
&,,,,,,,,&,,,,
,,,&,,,,,,0,¿,I,
,,,,,§,U,,,,,,`
Ã,",",,,,,,,,&,,,
,,∞,º,W,,,,,,,,&
,,,,,,,&,,,,,
,,&,,,,,,»,Ω,W,,
,,,P,Ω,W,,,,,,ò,¶
R,,,,,,,,&,,,,
,∞,º,W,,,,,,,,&,
,,,,,,&,,,,,,
,&,,,,,,»,Ω,W,,,
,,P,Ω,W,,,,,,ò,¶,R
,,,,,,,&,,,,,
∞,º,W,,,,,,,,&,,
,,,,,&,,,,,,,
&,,,,,,∞,¢,U,,,,
,p,Å,Z,,,,,,P,ç,H,
,,,,,,&,,,,,,∞
º,W,,,,,,,,&,,,
,,,,&,,,,,,,,&
,,,,,»,Ω,W,,,,,
P,Ω,W,,,,,,ò,¶,R,,
,,,,,&,,,,,,∞,º
W,,,,,,,,&,,,,
,,,&,,,,,,,,&,
,,,,0,Ö,Z,,,,,,ò
K,U,,,,,,x,Õ,",",,,
,,,,&,,,,,,∞,º,W
,,,,,,,&,,,,,
,,&,,,,,,,,&,,
,,,»,Ω,W,,,,,,P,Ω
W,,,,,,ò,¶,R,,,,
,,,&,,,,,,∞,º,W,
,,,,,,&,,,,,,
,&,,,,,,,,&,,,
,,X,†,U,,,,,,,®,U
,,,,,`,Ã,",",,,,,
,,&,,,,,,∞,º,W,,
,,,,,&,,,,,,,
&,,,,,,,,&,,,,
,Ë,¡,",",,,,,,,á,H,
,,,,X,,A,,,,,,
,&,,,,,,∞,º,W,,,
,,,,&,,,,,,,,&
,,,,,,,&,,,,,
»,Ω,W,,,,,,P,Ω,W,,
,,,ò,¶,R,,,,,,,
&,,,,,,∞,º,W,,,,
,,,&,,,,,,,,&,
,,,,,,&,,,,,,»
Ω,W,,,,,,P,Ω,W,,,
,,ò,¶,R,,,,,,,,&
,,,,,∞,º,W,,,,,
,,&,,,,,,,,&,,
,,,,,&,,,,,,,N
U,,,,,,,§,U,,,,
,`,Ã,",",,,,,,,,&,
,,,,∞,º,W,,,,,,
,&,,,,,,,,&,,,
,,,,&,,,,,,»,Ω,W
,,,,,P,Ω,W,,,,,
ò,¶,R,,,,,,,,&,,
,,,∞,º,W,,,,,,,
&,,,,,,,,&,,,,
,,,&,,,,,,H,Ü,H,
,,,,`,Ç,Z,,,,,,H
Ü,H,,,,,,,,&,,,
,,∞,º,W,,,,,,,,&
,,,,,,,&,,,,,
,,&,,,,,,»,Ω,W,,
,,,P,Ω,W,,,,,,ò,¶
R,,,,,,,,&,,,,
,∞,º,W,,,,,,,,&,
,,,,,,&,,,,,,
,&,,,,,,X,†,U,,,
,,,®,U,,,,,,`,Ã,","
,,,,,,,&,,,,,
∞,º,W,,,,,,,,&,,
,,,,,&,,,,,,,
&,,,,,,0,¿,I,,,,
,,§,U,,,,,,`,Ã,",",
,,,,,,&,,,,,,∞
º,W,,,,,,,,&,,,
,,,,&,,,,,,,,&
,,,,,»,Ω,W,,,,,
P,Ω,W,,,,,,ò,¶,R,,
,,,,,&,,,,,,∞,º
W,,,,,,,,&,,,,
,,,&,,,,,,,,&,
,,,,»,Ω,W,,,,,,P
Ω,W,,,,,,ò,¶,R,,,
,,,,&,,,,,,∞,º,W
,,,,,,,&,,,,,
,,&,,,,,,,,&,,
,,,Ë,K,U,,,,,,,á
H,,,,,,X,,A,,,,
,,,&,,,,,,∞,º,W,
,,,,,,&,,,,,,
,&,,,,,,,,&,,,
,,»,Ω,W,,,,,,P,Ω,W
,,,,,ò,¶,R,,,,,
,,&,,,,,,∞,º,W,,
,,,,,&,,,,,,,
&,,,,,,,,&,,,,
,0,Ö,Z,,,,,,ò,K,U,
,,,,x,Õ,",",,,,,,
,&,,,,,,∞,º,W,,,
,,,,&,,,,,,,,&
,,,,,,,&,,,,,
»,Ω,W,,,,,,P,Ω,W,,
,,,ò,¶,R,,,,,,,
&,,,,,,∞,º,W,,,,
,,,&,,,,,,,,&,
,,,,,,&,,,,,,X
†,U,,,,,,,®,U,,,
,,`,Ã,",",,,,,,,,&
,,,,,∞,º,W,,,,,
,,&,,,,,,,,&,,
,,,,,&,,,,,,,N
U,,,,,,Ë,Å,Z,,,,
,P,ç,H,,,,,,,,&,
,,,,∞,º,W,,,,,,
,&,,,,,,,,&,,,
,,,,&,,,,,,»,Ω,W
,,,,,P,Ω,W,,,,,
ò,¶,R,,,,,,,,&,,
,,,∞,º,W,,,,,,,
&,,,,,,,,&,,,,
,,,&,,,,,,»,Ω,W,
,,,,P,Ω,W,,,,,,ò
¶,R,,,,,,,,&,,,
,,∞,º,W,,,,,,,,&
,,,,,,,&,,,,,
,,&,,,,,,,N,U,,
,,,,§,U,,,,,,`,Ã
",",,,,,,,,&,,,,
,∞,º,W,,,,,,,,&,
,,,,,,&,,,,,,
,&,,,,,,»,Ω,W,,,
,,P,Ω,W,,,,,,ò,¶,R
,,,,,,,&,,,,,
∞,º,W,,,,,,,,&,,
,,,,,&,,,,,,,
&,,,,,,0,Ö,Z,,,,
,ò,K,U,,,,,,x,Õ,",",
,,,,,,&,,,,,,∞
º,W,,,,,,,,&,,,
,,,,&,,,,,,,,&
,,,,,»,Ω,W,,,,,
P,Ω,W,,,,,,ò,¶,R,,
,,,,,&,,,,,,∞,º
W,,,,,,,,&,,,,
,,,&,,,,,,,,&,
,,,,X,†,U,,,,,,
®,U,,,,,,`,Ã,",",,,
,,,,&,,,,,,∞,º,W
,,,,,,,&,,,,,
,,&,,,,,,,,&,,
,,,0,¿,I,,,,,,,§
U,,,,,,`,Ã,",",,,,
,,,&,,,,,,∞,º,W,
,,,,,,&,,,,,,
,&,,,,,,,,&,,,
,,»,Ω,W,,,,,,P,Ω,W
,,,,,ò,¶,R,,,,,
,,&,,,,,,∞,º,W,,
,,,,,&,,,,,,,
&,,,,,,,,&,,,,
,»,Ω,W,,,,,,P,Ω,W,
,,,,ò,¶,R,,,,,,
,&,,,,,,∞,º,W,,,
,,,,&,,,,,,,,&
,,,,,,,&,,,,,
,N,U,,,,,,∏,N,U,,
,,,X,,A,,,,,,,
&,,,,,,∞,º,W,,,,
,,,&,,,,,,,,&,
,,,,,,&,,,,,,»
Ω,W,,,,,,P,Ω,W,,,
,,ò,¶,R,,,,,,,,&
,,,,,∞,º,W,,,,,
,,&,,,,,,,,&,,
,,,,,&,,,,,,0,Ö
Z,,,,,,ò,K,U,,,,
,x,Õ,",",,,,,,,,&,
,,,,∞,º,W,,,,,,
,&,,,,,,,,&,,,
,,,,&,,,,,,»,Ω,W
,,,,,P,Ω,W,,,,,
ò,¶,R,,,,,,,,&,,
,,,∞,º,W,,,,,,,
&,,,,,,,,&,,,,
,,,&,,,,,,X,†,U,
,,,,,®,U,,,,,,`
Ã,",",,,,,,,,&,,,
,,∞,º,W,,,,,,,,&
,,,,,,,&,,,,,
,,&,,,,,,,N,U,,
,,,,§,U,,,,,,`,Ã
",",,,,,,,,&,,,,
,∞,º,W,,,,,,,,&,
,,,,,,&,,,,,,
,&,,,,,,»,Ω,W,,,
,,P,Ω,W,,,,,,ò,¶,R
,,,,,,,&,,,,,
∞,º,W,,,,,,,,&,,
,,,,,&,,,,,,,
&,,,,,,»,Ω,W,,,,
,P,Ω,W,,,,,,ò,¶,R,
,,,,,,&,,,,,,∞
º,W,,,,,,,,&,,,
,,,,&,,,,,,,,&
,,,,,,N,U,,,,,
,§,U,,,,,,`,Ã,",",,
,,,,,&,,,,,,∞,º
W,,,,,,,,&,,,,
,,,&,,,,,,,,&,
,,,,»,Ω,W,,,,,,P
Ω,W,,,,,,ò,¶,R,,,
,,,,&,,,,,,∞,º,W
,,,,,,,&,,,,,
,,&,,,,,,,,&,,
,,,0,Ö,Z,,,,,,ò,K
U,,,,,,x,Õ,",",,,,
,,,&,,,,,,∞,º,W,
,,,,,,&,,,,,,
,&,,,,,,,,&,,,
,,»,Ω,W,,,,,,P,Ω,W
,,,,,ò,¶,R,,,,,
,,&,,,,,,∞,º,W,,
,,,,,&,,,,,,,
&,,,,,,,,&,,,,
,X,†,U,,,,,,,®,U,
,,,,`,Ã,",",,,,,,
,&,,,,,,∞,º,W,,,
,,,,&,,,,,,,,&
,,,,,,,&,,,,,
0,¿,I,,,,,,,§,U,,
,,,`,Ã,",",,,,,,,
&,,,,,,∞,º,W,,,,
,,,&,,,,,,,,&,
,,,,,,&,,,,,,»
Ω,W,,,,,,P,Ω,W,,,
,,ò,¶,R,,,,,,,,&
,,,,,∞,º,W,,,,,
,,&,,,,,,,,&,,
,,,,,&,,,,,,»,Ω
W,,,,,,P,Ω,W,,,,
,ò,¶,R,,,,,,,,&,
,,,,∞,º,W,,,,,,
,&,,,,,,,,&,,,
,,,,&,,,,,,¿,,A
,,,,,,¢,U,,,,,
X,,A,,,,,,,,&,,
,,,∞,º,W,,,,,,,
&,,,,,,,,&,,,,
,,,&,,,,,,»,Ω,W,
,,,,P,Ω,W,,,,,,ò
¶,R,,,,,,,,&,,,
,,∞,º,W,,,,,,,,&
,,,,,,,&,,,,,
,,&,,,,,,0,Ö,Z,,
,,,ò,K,U,,,,,,x,Õ
",",,,,,,,,&,,,,
,∞,º,W,,,,,,,,&,
,,,,,,&,,,,,,
,&,,,,,,»,Ω,W,,,
,,P,Ω,W,,,,,,ò,¶,R
,,,,,,,&,,,,,
∞,º,W,,,,,,,,&,,
,,,,,&,,,,,,,
&,,,,,,X,†,U,,,,
,,®,U,,,,,,`,Ã,",",
,,,,,,&,,,,,,∞
º,W,,,,,,,,&,,,
,,,,&,,,,,,,,&
,,,,,–,è,H,,,,,
∏,N,U,,,,,,X,,A,,
,,,,,&,,,,,,∞,º
W,,,,,,,,&,,,,
,,,&,,,,,,,,&,
,,,,»,Ω,W,,,,,,P
Ω,W,,,,,,ò,¶,R,,,
,,,,&,,,,,,∞,º,W
,,,,,,,&,,,,,
,,&,,,,,,,,&,,
,,,»,Ω,W,,,,,,P,Ω
W,,,,,,ò,¶,R,,,,
,,,&,,,,,,∞,º,W,
,,,,,,&,,,,,,
,&,,,,,,,,&,,,
,,,N,U,,,,,,,§,U
,,,,,`,Ã,",",,,,,
,,&,,,,,,∞,º,W,,
,,,,,&,,,,,,,
&,,,,,,,,&,,,,
,»,Ω,W,,,,,,P,Ω,W,
,,,,ò,¶,R,,,,,,
,&,,,,,,∞,º,W,,,
,,,,&,,,,,,,,&
,,,,,,,&,,,,,
0,Ö,Z,,,,,,ò,K,U,,
,,,x,Õ,",",,,,,,,
&,,,,,,∞,º,W,,,,
,,,&,,,,,,,,&,
,,,,,,&,,,,,,»
Ω,W,,,,,,P,Ω,W,,,
,,ò,¶,R,,,,,,,,&
,,,,,∞,º,W,,,,,
,,&,,,,,,,,&,,
,,,,,&,,,,,,X,†
U,,,,,,,®,U,,,,
,`,Ã,",",,,,,,,,&,
,,,,∞,º,W,,,,,,
,&,,,,,,,,&,,,
,,,,&,,,,,,0,¿,I
,,,,,,§,U,,,,,
`,Ã,",",,,,,,,,&,,
,,,∞,º,W,,,,,,,
&,,,,,,,,&,,,,
,,,&,,,,,,»,Ω,W,
,,,,P,Ω,W,,,,,,ò
¶,R,,,,,,,,&,,,
,,∞,º,W,,,,,,,,&
,,,,,,,&,,,,,
,,&,,,,,,»,Ω,W,,
,,,P,Ω,W,,,,,,ò,¶
R,,,,,,,,&,,,,
,∞,º,W,,,,,,,,&,
,,,,,,&,,,,,,
,&,,,,,,,N,U,,,
,,∏,N,U,,,,,,X,,A
,,,,,,,&,,,,,
∞,º,W,,,,,,,,&,,
,,,,,&,,,,,,,
&,,,,,,»,Ω,W,,,,
,P,Ω,W,,,,,,ò,¶,R,
,,,,,,&,,,,,,∞
º,W,,,,,,,,&,,,
,,,,&,,,,,,,,&
,,,,,0,Ö,Z,,,,,
ò,K,U,,,,,,x,Õ,",",,
,,,,,&,,,,,,∞,º
W,,,,,,,,&,,,,
,,,&,,,,,,,,&,
,,,,»,Ω,W,,,,,,P
Ω,W,,,,,,ò,¶,R,,,
,,,,&,,,,,,∞,º,W
,,,,,,,&,,,,,
,,&,,,,,,,,&,,
,,,X,†,U,,,,,,,®
U,,,,,,`,Ã,",",,,,
,,,&,,,,,,∞,º,W,
,,,,,,&,,,,,,
,&,,,,,,,,&,,,
,,Ë,K,U,,,,,,,O,U
,,,,, ,À,",",,,,,
,,&,,,,,,∞,º,W,,
,,,,,&,,,,,,,
&,,,,,,,,&,,,,
,»,Ω,W,,,,,,P,Ω,W,
,,,,ò,¶,R,,,,,,
,&,,,,,,∞,º,W,,,
,,,,&,,,,,,,,&
,,,,,,,&,,,,,
»,Ω,W,,,,,,P,Ω,W,,
,,,ò,¶,R,,,,,,,
&,,,,,,∞,º,W,,,,
,,,&,,,,,,,,&,
,,,,,,&,,,,,,
N,U,,,,,,,§,U,,,
,,`,Ã,",",,,,,,,,&
,,,,,∞,º,W,,,,,
,,&,,,,,,,,&,,
,,,,,&,,,,,,»,Ω
W,,,,,,P,Ω,W,,,,
,ò,¶,R,,,,,,,,&,
,,,,∞,º,W,,,,,,
,&,,,,,,,,&,,,
,,,,&,,,,,,h,§,U
,,,,,»,É,Z,,,,,
H,Ü,H,,,,,,,,&,,
,,,∞,º,W,,,,,,,
&,,,,,,,,&,,,,
,,,&,,,,,,»,Ω,W,
,,,,P,Ω,W,,,,,,ò
¶,R,,,,,,,,&,,,
,,∞,º,W,,,,,,,,&
,,,,,,,&,,,,,
,,&,,,,,,X,†,U,,
,,,,®,U,,,,,,`,Ã
",",,,,,,,,&,,,,
,∞,º,W,,,,,,,,&,
,,,,,,&,,,,,,
,&,,,,,,0,¿,I,,,
,,,§,U,,,,,,`,Ã,","
,,,,,,,&,,,,,
∞,º,W,,,,,,,,&,,
,,,,,&,,,,,,,
&,,,,,,»,Ω,W,,,,
,P,Ω,W,,,,,,ò,¶,R,
,,,,,,&,,,,,,∞
º,W,,,,,,,,&,,,
,,,,&,,,,,,,,&
,,,,,»,Ω,W,,,,,
P,Ω,W,,,,,,ò,¶,R,,
,,,,,&,,,,,,∞,º
W,,,,,,,,&,,,,
,,,&,,,,,,,,&,
,,,,,N,U,,,,,,
§,U,,,,,,`,Ã,",",,,
,,,,&,,,,,,∞,º,W
,,,,,,,&,,,,,
,,&,,,,,,,,&,,
,,,»,Ω,W,,,,,,P,Ω
W,,,,,,ò,¶,R,,,,
,,,&,,,,,,∞,º,W,
,,,,,,&,,,,,,
,&,,,,,,,,&,,,
,,0,Ö,Z,,,,,,ò,K,U
,,,,,x,Õ,",",,,,,
,,&,,,,,,∞,º,W,,
,,,,,&,,,,,,,
&,,,,,,,,&,,,,
,»,Ω,W,,,,,,P,Ω,W,
,,,,ò,¶,R,,,,,,
,&,,,,,,∞,º,W,,,
,,,,&,,,,,,,,&
,,,,,,,&,,,,,
X,†,U,,,,,,,®,U,,
,,,`,Ã,",",,,,,,,
&,,,,,,∞,º,W,,,,
,,,&,,,,,,,,&,
,,,,,,&,,,,,,
N,U,,,,,,,§,U,,,
,,`,Ã,",",,,,,,,,&
,,,,,∞,º,W,,,,,
,,&,,,,,,,,&,,
,,,,,&,,,,,,»,Ω
W,,,,,,P,Ω,W,,,,
,ò,¶,R,,,,,,,,&,
,,,,∞,º,W,,,,,,
,&,,,,,,,,&,,,
,,,,&,,,,,,»,Ω,W
,,,,,P,Ω,W,,,,,
ò,¶,R,,,,,,,,&,,
,,,∞,º,W,,,,,,,
&,,,,,,,,&,,,,
,,,&,,,,,,,N,U,
,,,,,§,U,,,,,,`
Ã,",",,,,,,,,&,,,
,,∞,º,W,,,,,,,,&
,,,,,,,&,,,,,
,,&,,,,,,»,Ω,W,,
,,,P,Ω,W,,,,,,ò,¶
R,,,,,,,,&,,,,
,∞,º,W,,,,,,,,&,
,,,,,,&,,,,,,
,&,,,,,,0,Ö,Z,,,
,,ò,K,U,,,,,,x,Õ,","
,,,,,,,&,,,,,
∞,º,W,,,,,,,,&,,
,,,,,&,,,,,,,
&,,,,,,»,Ω,W,,,,
,P,Ω,W,,,,,,ò,¶,R,
,,,,,,&,,,,,,∞
º,W,,,,,,,,&,,,
,,,,&,,,,,,,,&
,,,,,X,†,U,,,,,
,®,U,,,,,,`,Ã,",",,
,,,,,&,,,,,,∞,º
W,,,,,,,,&,,,,
,,,&,,,,,,,,&,
,,,,0,¿,I,,,,,,
§,U,,,,,,`,Ã,",",,,
,,,,&,,,,,,∞,º,W
,,,,,,,&,,,,,
,,&,,,,,,,,&,,
,,,»,Ω,W,,,,,,P,Ω
W,,,,,,ò,¶,R,,,,
,,,&,,,,,,∞,º,W,
,,,,,,&,,,,,,
,&,,,,,,,,&,,,
,,»,Ω,W,,,,,,P,Ω,W
,,,,,ò,¶,R,,,,,
,,&,,,,,,∞,º,W,,
,,,,,&,,,,,,,
&,,,,,,,,&,,,,
,¿,,A,,,,,,,¢,U,
,,,,X,,A,,,,,,
,&,,,,,,∞,º,W,,,
,,,,&,,,,,,,,&
,,,,,,,&,,,,,
»,Ω,W,,,,,,P,Ω,W,,
,,,ò,¶,R,,,,,,,
&,,,,,,∞,º,W,,,,
,,,&,,,,,,,,&,
,,,,,,&,,,,,,0
Ö,Z,,,,,,ò,K,U,,,
,,x,Õ,",",,,,,,,,&
,,,,,∞,º,W,,,,,
,,&,,,,,,,,&,,
,,,,,&,,,,,,»,Ω
W,,,,,,P,Ω,W,,,,
,ò,¶,R,,,,,,,,&,
,,,,∞,º,W,,,,,,
,&,,,,,,,,&,,,
,,,,&,,,,,,X,†,U
,,,,,,®,U,,,,,
`,Ã,",",,,,,,,,&,,
,,,∞,º,W,,,,,,,
&,,,,,,,,&,,,,
,,,&,,,,,,0,¿,I,
,,,, ,,A,,,,,,X
,A,,,,,,,,&,,,
,,∞,º,W,,,,,,,,&
,,,,,,,&,,,,,
,,&,,,,,,»,Ω,W,,
,,,P,Ω,W,,,,,,ò,¶
R,,,,,,,,&,,,,
,∞,º,W,,,,,,,,&,
,,,,,,&,,,,,,
,&,,,,,,»,Ω,W,,,
,,P,Ω,W,,,,,,ò,¶,R
,,,,,,,&,,,,,
∞,º,W,,,,,,,,&,,
,,,,,&,,,,,,,
&,,,,,,,N,U,,,,
,,§,U,,,,,,`,Ã,",",
,,,,,,&,,,,,,∞
º,W,,,,,,,,&,,,
,,,,&,,,,,,,,&
,,,,,»,Ω,W,,,,,
P,Ω,W,,,,,,ò,¶,R,,
,,,,,&,,,,,,∞,º
W,,,,,,,,&,,,,
,,,&,,,,,,,,&,
,,,,h,§,U,,,,,,»
É,Z,,,,,,H,Ü,H,,,
,,,,&,,,,,,∞,º,W
,,,,,,,&,,,,,
,,&,,,,,,,,&,,
,,,»,Ω,W,,,,,,P,Ω
W,,,,,,ò,¶,R,,,,
,,,&,,,,,,∞,º,W,
,,,,,,&,,,,,,
,&,,,,,,,,&,,,
,,X,†,U,,,,,,,®,U
,,,,,`,Ã,",",,,,,
,,&,,,,,,∞,º,W,,
,,,,,&,,,,,,,
&,,,,,,,,&,,,,
,0,¿,I,,,,,,,§,U,
,,,,`,Ã,",",,,,,,
,&,,,,,,∞,º,W,,,
,,,,&,,,,,,,,&
,,,,,,,&,,,,,
»,Ω,W,,,,,,P,Ω,W,,
,,,ò,¶,R,,,,,,,
&,,,,,,∞,º,W,,,,
,,,&,,,,,,,,&,
,,,,,,&,,,,,,»
Ω,W,,,,,,P,Ω,W,,,
,,ò,¶,R,,,,,,,,&
,,,,,∞,º,W,,,,,
,,&,,,,,,,,&,,
,,,,,&,,,,,,»,Ω
W,,,,,,P,Ω,W,,,,
,ò,¶,R,,,,,,,,&,
,,,,∞,º,W,,,,,,
,&,,,,,,,,&,,,
,,,,&,,,,,,»,Ω,W
,,,,,P,Ω,W,,,,,
ò,¶,R,,,,,,,,&,,
,,,∞,º,W,,,,,,,
&,,,,,,,,&,,,,
,,,&,,,,,,0,Ö,Z,
,,,,ò,K,U,,,,,,x
Õ,",",,,,,,,,&,,,
,,∞,º,W,,,,,,,,&
,,,,,,,&,,,,,
,,&,,,,,,»,Ω,W,,
,,,P,Ω,W,,,,,,ò,¶
R,,,,,,,,&,,,,
,∞,º,W,,,,,,,,&,
,,,,,,&,,,,,,
,&,,,,,,X,†,U,,,
,,,®,U,,,,,,`,Ã,","
,,,,,,,&,,,,,
∞,º,W,,,,,,,,&,,
,,,,,&,,,,,,,
&,,,,,,–,è,H,,,,
,∏,N,U,,,,,,X,,A,
,,,,,,&,,,,,,∞
º,W,,,,,,,,&,,,
,,,,&,,,,,,,,&
,,,,,»,Ω,W,,,,,
P,Ω,W,,,,,,ò,¶,R,,
,,,,,&,,,,,,∞,º
W,,,,,,,,&,,,,
,,,&,,,,,,,,&,
,,,,»,Ω,W,,,,,,P
Ω,W,,,,,,ò,¶,R,,,
,,,,&,,,,,,∞,º,W
,,,,,,,&,,,,,
,,&,,,,,,,,&,,
,,,,N,U,,,,,,,§
U,,,,,,`,Ã,",",,,,
,,,&,,,,,,∞,º,W,
,,,,,,&,,,,,,
,&,,,,,,,,&,,,
,,»,Ω,W,,,,,,P,Ω,W
,,,,,ò,¶,R,,,,,
,,&,,,,,,∞,º,W,,
,,,,,&,,,,,,,
&,,,,,,,,&,,,,
,0,Ö,Z,,,,,,ò,K,U,
,,,,x,Õ,",",,,,,,
,&,,,,,,∞,º,W,,,
,,,,&,,,,,,,,&
,,,,,,,&,,,,,
»,Ω,W,,,,,,P,Ω,W,,
,,,ò,¶,R,,,,,,,
&,,,,,,∞,º,W,,,,
,,,&,,,,,,,,&,
,,,,,,&,,,,,,X
†,U,,,,,,,®,U,,,
,,`,Ã,",",,,,,,,,&
,,,,,∞,º,W,,,,,
,,&,,,,,,,,&,,
,,,,,&,,,,,,0,¿
I,,,,,,,§,U,,,,
,`,Ã,",",,,,,,,,&,
,,,,∞,º,W,,,,,,
,&,,,,,,,,&,,,
,,,,&,,,,,,»,Ω,W
,,,,,P,Ω,W,,,,,
ò,¶,R,,,,,,,,&,,
,,,∞,º,W,,,,,,,
&,,,,,,,,&,,,,
,,,&,,,,,,»,Ω,W,
,,,,P,Ω,W,,,,,,ò
¶,R,,,,,,,,&,,,
,,∞,º,W,,,,,,,,&
,,,,,,,&,,,,,
,,&,,,,,,¿,,A,,
,,,,¢,U,,,,,,X,
A,,,,,,,,&,,,,
,∞,º,W,,,,,,,,&,
,,,,,,&,,,,,,
,&,,,,,,»,Ω,W,,,
,,P,Ω,W,,,,,,ò,¶,R
,,,,,,,&,,,,,
∞,º,W,,,,,,,,&,,
,,,,,&,,,,,,,
&,,,,,,0,Ö,Z,,,,
,ò,K,U,,,,,,x,Õ,",",
,,,,,,&,,,,,,∞
º,W,,,,,,,,&,,,
,,,,&,,,,,,,,&
,,,,,»,Ω,W,,,,,
P,Ω,W,,,,,,ò,¶,R,,
,,,,,&,,,,,,∞,º
W,,,,,,,,&,,,,
,,,&,,,,,,,,&,
,,,,X,†,U,,,,,,
®,U,,,,,,`,Ã,",",,,
,,,,&,,,,,,∞,º,W
,,,,,,,&,,,,,
,,&,,,,,,,,&,,
,,,,N,U,,,,,,,§
U,,,,,,`,Ã,",",,,,
,,,&,,,,,,∞,º,W,
,,,,,,&,,,,,,
,&,,,,,,,,&,,,
,,»,Ω,W,,,,,,P,Ω,W
,,,,,ò,¶,R,,,,,
,,&,,,,,,∞,º,W,,
,,,,,&,,,,,,,
&,,,,,,,,&,,,,
,»,Ω,W,,,,,,P,Ω,W,
,,,,ò,¶,R,,,,,,
,&,,,,,,∞,º,W,,,
,,,,&,,,,,,,,&
,,,,,,,&,,,,,
,N,U,,,,,,,§,U,,
,,,`,Ã,",",,,,,,,
&,,,,,,∞,º,W,,,,
,,,&,,,,,,,,&,
,,,,,,&,,,,,,»
Ω,W,,,,,,P,Ω,W,,,
,,ò,¶,R,,,,,,,,&
,,,,,∞,º,W,,,,,
,,&,,,,,,,,&,,
,,,,,&,,,,,,h,§
U,,,,,,»,É,Z,,,,
,H,Ü,H,,,,,,,,&,
,,,,∞,º,W,,,,,,
,&,,,,,,,,&,,,
,,,,&,,,,,,»,Ω,W
,,,,,P,Ω,W,,,,,
ò,¶,R,,,,,,,,&,,
,,,∞,º,W,,,,,,,
&,,,,,,,,&,,,,
,,,&,,,,,,X,†,U,
,,,,,®,U,,,,,,`
Ã,",",,,,,,,,&,,,
,,∞,º,W,,,,,,,,&
,,,,,,,&,,,,,
,,&,,,,,,0,¿,I,,
,,,,§,U,,,,,,`,Ã
",",,,,,,,,&,,,,
,∞,º,W,,,,,,,,&,
,,,,,,&,,,,,,
,&,,,,,,»,Ω,W,,,
,,P,Ω,W,,,,,,ò,¶,R
,,,,,,,&,,,,,
∞,º,W,,,,,,,,&,,
,,,,,&,,,,,,,
&,,,,,,»,Ω,W,,,,
,P,Ω,W,,,,,,ò,¶,R,
,,,,,,&,,,,,,∞
º,W,,,,,,,,&,,,
,,,,&,,,,,,,,&
,,,,,,N,U,,,,,
,§,U,,,,,,`,Ã,",",,
,,,,,&,,,,,,∞,º
W,,,,,,,,&,,,,
,,,&,,,,,,,,&,
,,,,»,Ω,W,,,,,,P
Ω,W,,,,,,ò,¶,R,,,
,,,,&,,,,,,∞,º,W
,,,,,,,&,,,,,
,,&,,,,,,,,&,,
,,,@,,&,,,,,, ,°
U,,,,,,®,è,H,,,,
,,,&,,,,,,∞,º,W,
,,,,,,&,,,,,,
,&,,,,,,,,&,,,
,,»,Ω,W,,,,,,P,Ω,W
,,,,,ò,¶,R,,,,,
,,&,,,,,,∞,º,W,,
,,,,,&,,,,,,,
&,,,,,,,,&,,,,
,X,†,U,,,,,,,®,U,
,,,,`,Ã,",",,,,,,
,&,,,,,,∞,º,W,,,
,,,,&,,,,,,,,&
,,,,,,,&,,,,,
0,¿,I,,,,,,,§,U,,
,,,`,Ã,",",,,,,,,
&,,,,,,∞,º,W,,,,
,,,&,,,,,,,,&,
,,,,,,&,,,,,,»
Ω,W,,,,,,P,Ω,W,,,
,,ò,¶,R,,,,,,,,&
,,,,,∞,º,W,,,,,
,,&,,,,,,,,&,,
,,,,,&,,,,,,»,Ω
W,,,,,,P,Ω,W,,,,
,ò,¶,R,,,,,,,,&,
,,,,∞,º,W,,,,,,
,&,,,,,,,,&,,,
,,,,&,,,,,,@,,&
,,,,,,á,H,,,,,
X,,A,,,,,,,,&,,
,,,∞,º,W,,,,,,,
&,,,,,,,,&,,,,
,,,&,,,,,,»,Ω,W,
,,,,P,Ω,W,,,,,,ò
¶,R,,,,,,,,&,,,
,,∞,º,W,,,,,,,,&
,,,,,,,&,,,,,
,,&,,,,,,0,Ö,Z,,
,,,ò,K,U,,,,,,x,Õ
",",,,,,,,,&,,,,
,∞,º,W,,,,,,,,&,
,,,,,,&,,,,,,
,&,,,,,,»,Ω,W,,,
,,P,Ω,W,,,,,,ò,¶,R
,,,,,,,&,,,,,
∞,º,W,,,,,,,,&,,
,,,,,&,,,,,,,
&,,,,,,X,†,U,,,,
,,®,U,,,,,,`,Ã,",",
,,,,,,&,,,,,,∞
º,W,,,,,,,,&,,,
,,,,&,,,,,,,,&
,,,,,0,Ö,Z,,,,,
ò,Å,Z,,,,,,P,ç,H,,
,,,,,&,,,,,,∞,º
W,,,,,,,,&,,,,
,,,&,,,,,,,,&,
,,,,»,Ω,W,,,,,,P
Ω,W,,,,,,ò,¶,R,,,
,,,,&,,,,,,∞,º,W
,,,,,,,&,,,,,
,,&,,,,,,,,&,,
,,,»,Ω,W,,,,,,P,Ω
W,,,,,,ò,¶,R,,,,
,,,&,,,,,,∞,º,W,
,,,,,,&,,,,,,
,&,,,,,,,,&,,,
,,,N,U,,,,,,,§,U
,,,,,`,Ã,",",,,,,
,,&,,,,,,∞,º,W,,
,,,,,&,,,,,,,
&,,,,,,,,&,,,,
,»,Ω,W,,,,,,P,Ω,W,
,,,,ò,¶,R,,,,,,
,&,,,,,,∞,º,W,,,
,,,,&,,,,,,,,&
,,,,,,,&,,,,,
(,,&,,,,,,8,ß,U,,
,,,®,è,H,,,,,,,
&,,,,,,∞,º,W,,,,
,,,&,,,,,,,,&,
,,,,,,&,,,,,,»
Ω,W,,,,,,P,Ω,W,,,
,,ò,¶,R,,,,,,,,&
,,,,,∞,º,W,,,,,
,,&,,,,,,,,&,,
,,,,,&,,,,,,X,†
U,,,,,,,®,U,,,,
,`,Ã,",",,,,,,,,&,
,,,,∞,º,W,,,,,,
,&,,,,,,,,&,,,
,,,,&,,,,,,0,¿,I
,,,,,,§,U,,,,,
`,Ã,",",,,,,,,,&,,
,,,∞,º,W,,,,,,,
&,,,,,,,,&,,,,
,,,&,,,,,,»,Ω,W,
,,,,P,Ω,W,,,,,,ò
¶,R,,,,,,,,&,,,
,,∞,º,W,,,,,,,,&
,,,,,,,&,,,,,
,,&,,,,,,»,Ω,W,,
,,,P,Ω,W,,,,,,ò,¶
R,,,,,,,,&,,,,
,∞,º,W,,,,,,,,&,
,,,,,,&,,,,,,
,&,,,,,,»,£,U,,,
,,¯,,A,,,,,,X,,A
,,,,,,,&,,,,,
∞,º,W,,,,,,,,&,,
,,,,,&,,,,,,,
&,,,,,,»,Ω,W,,,,
,P,Ω,W,,,,,,ò,¶,R,
,,,,,,&,,,,,,∞
º,W,,,,,,,,&,,,
,,,,&,,,,,,,,&
,,,,,0,Ö,Z,,,,,
ò,K,U,,,,,,x,Õ,",",,
,,,,,&,,,,,,∞,º
W,,,,,,,,&,,,,
,,,&,,,,,,,,&,
,,,,»,Ω,W,,,,,,P
Ω,W,,,,,,ò,¶,R,,,
,,,,&,,,,,,∞,º,W
,,,,,,,&,,,,,
,,&,,,,,,,,&,,
,,,X,†,U,,,,,,,®
U,,,,,,`,Ã,",",,,,
,,,&,,,,,,∞,º,W,
,,,,,,&,,,,,,
,&,,,,,,,,&,,,
,,H,Ü,H,,,,,,,L,U
,,,,,X,,A,,,,,
,,&,,,,,,∞,º,W,,
,,,,,&,,,,,,,
&,,,,,,,,&,,,,
,»,Ω,W,,,,,,P,Ω,W,
,,,,ò,¶,R,,,,,,
,&,,,,,,∞,º,W,,,
,,,,&,,,,,,,,&
,,,,,,,&,,,,,
»,Ω,W,,,,,,P,Ω,W,,
,,,ò,¶,R,,,,,,,
&,,,,,,∞,º,W,,,,
,,,&,,,,,,,,&,
,,,,,,&,,,,,,
N,U,,,,,,,§,U,,,
,,`,Ã,",",,,,,,,,&
,,,,,∞,º,W,,,,,
,,&,,,,,,,,&,,
,,,,,&,,,,,,»,Ω
W,,,,,,P,Ω,W,,,,
,ò,¶,R,,,,,,,,&,
,,,,∞,º,W,,,,,,
,&,,,,,,,,&,,,
,,,,&,,,,,,0,Ö,Z
,,,,,ò,K,U,,,,,
x,Õ,",",,,,,,,,&,,
,,,∞,º,W,,,,,,,
&,,,,,,,,&,,,,
,,,&,,,,,,»,Ω,W,
,,,,P,Ω,W,,,,,,ò
¶,R,,,,,,,,&,,,
,,∞,º,W,,,,,,,,&
,,,,,,,&,,,,,
,,&,,,,,,X,†,U,,
,,,,®,U,,,,,,`,Ã
",",,,,,,,,&,,,,
,∞,º,W,,,,,,,,&,
,,,,,,&,,,,,,
,&,,,,,,0,¿,I,,,
,,,§,U,,,,,,`,Ã,","
,,,,,,,&,,,,,
∞,º,W,,,,,,,,&,,
,,,,,&,,,,,,,
&,,,,,,»,Ω,W,,,,
,P,Ω,W,,,,,,ò,¶,R,
,,,,,,&,,,,,,∞
º,W,,,,,,,,&,,,
,,,,&,,,,,,,,&
,,,,,»,Ω,W,,,,,
P,Ω,W,,,,,,ò,¶,R,,
,,,,,&,,,,,,∞,º
W,,,,,,,,&,,,,
,,,&,,,,,,,,&,
,,,,»,£,U,,,,,,‡
æ,W,,,,,,(,ç,H,,,
,,,,&,,,,,,∞,º,W
,,,,,,,&,,,,,
,,&,,,,,,,,&,,
,,,»,Ω,W,,,,,,P,Ω
W,,,,,,ò,¶,R,,,,
,,,&,,,,,,∞,º,W,
,,,,,,&,,,,,,
,&,,,,,,,,&,,,
,,0,Ö,Z,,,,,,ò,K,U
,,,,,x,Õ,",",,,,,
,,&,,,,,,∞,º,W,,
,,,,,&,,,,,,,
&,,,,,,,,&,,,,
,»,Ω,W,,,,,,P,Ω,W,
,,,,ò,¶,R,,,,,,
,&,,,,,,∞,º,W,,,
,,,,&,,,,,,,,&
,,,,,,,&,,,,,
X,†,U,,,,,,,®,U,,
,,,`,Ã,",",,,,,,,
&,,,,,,∞,º,W,,,,
,,,&,,,,,,,,&,
,,,,,,&,,,,,,Ë
¡,",",,,,,,,á,H,,,
,,X,,A,,,,,,,,&
,,,,,∞,º,W,,,,,
,,&,,,,,,,,&,,
,,,,,&,,,,,,»,Ω
W,,,,,,P,Ω,W,,,,
,ò,¶,R,,,,,,,,&,
,,,,∞,º,W,,,,,,
,&,,,,,,,,&,,,
,,,,&,,,,,,»,Ω,W
,,,,,P,Ω,W,,,,,
ò,¶,R,,,,,,,,&,,
,,,∞,º,W,,,,,,,
&,,,,,,,,&,,,,
,,,&,,,,,,,N,U,
,,,,,§,U,,,,,,`
Ã,",",,,,,,,,&,,,
,,∞,º,W,,,,,,,,&
,,,,,,,&,,,,,
,,&,,,,,,»,Ω,W,,
,,,P,Ω,W,,,,,,ò,¶
R,,,,,,,,&,,,,
,∞,º,W,,,,,,,,&,
,,,,,,&,,,,,,
,&,,,,,,0,Ö,Z,,,
,,ò,K,U,,,,,,x,Õ,","
,,,,,,,&,,,,,
∞,º,W,,,,,,,,&,,
,,,,,&,,,,,,,
&,,,,,,»,Ω,W,,,,
,P,Ω,W,,,,,,ò,¶,R,
,,,,,,&,,,,,,∞
º,W,,,,,,,,&,,,
,,,,&,,,,,,,,&
,,,,,X,†,U,,,,,
,®,U,,,,,,`,Ã,",",,
,,,,,&,,,,,,∞,º
W,,,,,,,,&,,,,
,,,&,,,,,,,,&,
,,,,0,¿,I,,,,,,
§,U,,,,,,`,Ã,",",,,
,,,,&,,,,,,∞,º,W
,,,,,,,&,,,,,
,,&,,,,,,,,&,,
,,,»,Ω,W,,,,,,P,Ω
W,,,,,,ò,¶,R,,,,
,,,&,,,,,,∞,º,W,
,,,,,,&,,,,,,
,&,,,,,,,,&,,,
,,»,Ω,W,,,,,,P,Ω,W
,,,,,ò,¶,R,,,,,
,,&,,,,,,∞,º,W,,
,,,,,&,,,,,,,
&,,,,,,,,&,,,,
,»,£,U,,,,,,‡,æ,W,
,,,,(,ç,H,,,,,,
,&,,,,,,∞,º,W,,,
,,,,&,,,,,,,,&
,,,,,,,&,,,,,
»,Ω,W,,,,,,P,Ω,W,,
,,,ò,¶,R,,,,,,,
&,,,,,,∞,º,W,,,,
,,,&,,,,,,,,&,
,,,,,,&,,,,,,0
Ö,Z,,,,,,ò,K,U,,,
,,x,Õ,",",,,,,,,,&
,,,,,∞,º,W,,,,,
,,&,,,,,,,,&,,
,,,,,&,,,,,,»,Ω
W,,,,,,P,Ω,W,,,,
,ò,¶,R,,,,,,,,&,
,,,,∞,º,W,,,,,,
,&,,,,,,,,&,,,
,,,,&,,,,,,X,†,U
,,,,,,®,U,,,,,
`,Ã,",",,,,,,,,&,,
,,,∞,º,W,,,,,,,
&,,,,,,,,&,,,,
,,,&,,,,,,,¢,U,
,,,,,§,U,,,,,,`
Ã,",",,,,,,,,&,,,
,,∞,º,W,,,,,,,,&
,,,,,,,&,,,,,
,,&,,,,,,»,Ω,W,,
,,,P,Ω,W,,,,,,ò,¶
R,,,,,,,,&,,,,
,∞,º,W,,,,,,,,&,
,,,,,,&,,,,,,
,&,,,,,,»,Ω,W,,,
,,P,Ω,W,,,,,,ò,¶,R
,,,,,,,&,,,,,
∞,º,W,,,,,,,,&,,
,,,,,&,,,,,,,
&,,,,,,,N,U,,,,
,,§,U,,,,,,`,Ã,",",
,,,,,,&,,,,,,∞
º,W,,,,,,,,&,,,
,,,,&,,,,,,,,&
,,,,,»,Ω,W,,,,,
P,Ω,W,,,,,,ò,¶,R,,
,,,,,&,,,,,,∞,º
W,,,,,,,,&,,,,
,,,&,,,,,,,,&,
,,,,@,,&,,,,,, 
°,U,,,,,,®,è,H,,,
,,,,&,,,,,,∞,º,W
,,,,,,,&,,,,,
,,&,,,,,,,,&,,
,,,»,Ω,W,,,,,,P,Ω
W,,,,,,ò,¶,R,,,,
,,,&,,,,,,∞,º,W,
,,,,,,&,,,,,,
,&,,,,,,,,&,,,
,,X,†,U,,,,,,,®,U
,,,,,`,Ã,",",,,,,
,,&,,,,,,∞,º,W,,
,,,,,&,,,,,,,
&,,,,,,,,&,,,,
,0,¿,I,,,,,,,§,U,
,,,,`,Ã,",",,,,,,
,&,,,,,,∞,º,W,,,
,,,,&,,,,,,,,&
,,,,,,,&,,,,,
»,Ω,W,,,,,,P,Ω,W,,
,,,ò,¶,R,,,,,,,
&,,,,,,∞,º,W,,,,
,,,&,,,,,,,,&,
,,,,,,&,,,,,,»
Ω,W,,,,,,P,Ω,W,,,
,,ò,¶,R,,,,,,,,&
,,,,,∞,º,W,,,,,
,,&,,,,,,,,&,,
,,,,,&,,,,,,»,M
U,,,,,,Ë,Å,Z,,,,
,P,ç,H,,,,,,,,&,
,,,,∞,º,W,,,,,,
,&,,,,,,,,&,,,
,,,,&,,,,,,»,Ω,W
,,,,,P,Ω,W,,,,,
ò,¶,R,,,,,,,,&,,
,,,∞,º,W,,,,,,,
&,,,,,,,,&,,,,
,,,&,,,,,,0,Ö,Z,
,,,,ò,K,U,,,,,,x
Õ,",",,,,,,,,&,,,
,,∞,º,W,,,,,,,,&
,,,,,,,&,,,,,
,,&,,,,,,»,Ω,W,,
,,,P,Ω,W,,,,,,ò,¶
R,,,,,,,,&,,,,
,∞,º,W,,,,,,,,&,
,,,,,,&,,,,,,
,&,,,,,,X,†,U,,,
,,,®,U,,,,,,`,Ã,","
,,,,,,,&,,,,,
∞,º,W,,,,,,,,&,,
,,,,,&,,,,,,,
&,,,,,,‡,N,U,,,,
,¿,Ü,H,,,,,,X,,A,
,,,,,,&,,,,,,∞
º,W,,,,,,,,&,,,
,,,,&,,,,,,,,&
,,,,,»,Ω,W,,,,,
P,Ω,W,,,,,,ò,¶,R,,
,,,,,&,,,,,,∞,º
W,,,,,,,,&,,,,
,,,&,,,,,,,,&,
,,,,»,Ω,W,,,,,,P
Ω,W,,,,,,ò,¶,R,,,
,,,,&,,,,,,∞,º,W
,,,,,,,&,,,,,
,,&,,,,,,,,&,,
,,,,N,U,,,,,,,§
U,,,,,,`,Ã,",",,,,
,,,&,,,,,,∞,º,W,
,,,,,,&,,,,,,
,&,,,,,,,,&,,,
,,»,Ω,W,,,,,,P,Ω,W
,,,,,ò,¶,R,,,,,
,,&,,,,,,∞,º,W,,
,,,,,&,,,,,,,
&,,,,,,,,&,,,,
,0,Ö,Z,,,,,,ò,K,U,
,,,,x,Õ,",",,,,,,
,&,,,,,,∞,º,W,,,
,,,,&,,,,,,,,&
,,,,,,,&,,,,,
»,Ω,W,,,,,,P,Ω,W,,
,,,ò,¶,R,,,,,,,
&,,,,,,∞,º,W,,,,
,,,&,,,,,,,,&,
,,,,,,&,,,,,,X
†,U,,,,,,,®,U,,,
,,`,Ã,",",,,,,,,,&
,,,,,∞,º,W,,,,,
,,&,,,,,,,,&,,
,,,,,&,,,,,,0,¿
I,,,,,,,§,U,,,,
,`,Ã,",",,,,,,,,&,
,,,,∞,º,W,,,,,,
,&,,,,,,,,&,,,
,,,,&,,,,,,»,Ω,W
,,,,,P,Ω,W,,,,,
ò,¶,R,,,,,,,,&,,
,,,∞,º,W,,,,,,,
&,,,,,,,,&,,,,
,,,&,,,,,,»,Ω,W,
,,,,P,Ω,W,,,,,,ò
¶,R,,,,,,,,&,,,
,,∞,º,W,,,,,,,,&
,,,,,,,&,,,,,
,,&,,,,,,∞,¢,U,,
,,,p,Å,Z,,,,,,P,ç
H,,,,,,,,&,,,,
,∞,º,W,,,,,,,,&,
,,,,,,&,,,,,,
,&,,,,,,»,Ω,W,,,
,,P,Ω,W,,,,,,ò,¶,R
,,,,,,,&,,,,,
∞,º,W,,,,,,,,&,,
,,,,,&,,,,,,,
&,,,,,,0,Ö,Z,,,,
,ò,K,U,,,,,,x,Õ,",",
,,,,,,&,,,,,,∞
º,W,,,,,,,,&,,,
,,,,&,,,,,,,,&
,,,,,»,Ω,W,,,,,
P,Ω,W,,,,,,ò,¶,R,,
,,,,,&,,,,,,∞,º
W,,,,,,,,&,,,,
,,,&,,,,,,,,&,
,,,,X,†,U,,,,,,
®,U,,,,,,`,Ã,",",,,
,,,,&,,,,,,∞,º,W
,,,,,,,&,,,,,
,,&,,,,,,,,&,,
,,,0,¿,I,,,,,, ,
A,,,,,,X,,A,,,,
,,,&,,,,,,∞,º,W,
,,,,,,&,,,,,,
,&,,,,,,,,&,,,
,,»,Ω,W,,,,,,P,Ω,W
,,,,,ò,¶,R,,,,,
,,&,,,,,,∞,º,W,,
,,,,,&,,,,,,,
&,,,,,,,,&,,,,
,»,Ω,W,,,,,,P,Ω,W,
,,,,ò,¶,R,,,,,,
,&,,,,,,∞,º,W,,,
,,,,&,,,,,,,,&
,,,,,,,&,,,,,
,N,U,,,,,,,§,U,,
,,,`,Ã,",",,,,,,,
&,,,,,,∞,º,W,,,,
,,,&,,,,,,,,&,
,,,,,,&,,,,,,»
Ω,W,,,,,,P,Ω,W,,,
,,ò,¶,R,,,,,,,,&
,,,,,∞,º,W,,,,,
,,&,,,,,,,,&,,
,,,,,&,,,,,,0,Ö
Z,,,,,,ò,K,U,,,,
,x,Õ,",",,,,,,,,&,
,,,,∞,º,W,,,,,,
,&,,,,,,,,&,,,
,,,,&,,,,,,»,Ω,W
,,,,,P,Ω,W,,,,,
ò,¶,R,,,,,,,,&,,
,,,∞,º,W,,,,,,,
&,,,,,,,,&,,,,
,,,&,,,,,,X,†,U,
,,,,,®,U,,,,,,`
Ã,",",,,,,,,,&,,,
,,∞,º,W,,,,,,,,&
,,,,,,,&,,,,,
,,&,,,,,,0,¿,I,,
,,,,§,U,,,,,,`,Ã
",",,,,,,,,&,,,,
,∞,º,W,,,,,,,,&,
,,,,,,&,,,,,,
,&,,,,,,»,Ω,W,,,
,,P,Ω,W,,,,,,ò,¶,R
,,,,,,,&,,,,,
∞,º,W,,,,,,,,&,,
,,,,,&,,,,,,,
&,,,,,,»,Ω,W,,,,
,P,Ω,W,,,,,,ò,¶,R,
,,,,,,&,,,,,,∞
º,W,,,,,,,,&,,,
,,,,&,,,,,,,,&
,,,,,†,M,U,,,,,
h,æ,W,,,,,,(,ç,H,,
,,,,,&,,,,,,∞,º
W,,,,,,,,&,,,,
,,,&,,,,,,,,&,
,,,,»,Ω,W,,,,,,P
Ω,W,,,,,,ò,¶,R,,,
,,,,&,,,,,,∞,º,W
,,,,,,,&,,,,,
,,&,,,,,,,,&,,
,,,0,Ö,Z,,,,,,ò,K
U,,,,,,x,Õ,",",,,,
,,,&,,,,,,∞,º,W,
,,,,,,&,,,,,,
,&,,,,,,,,&,,,
,,»,Ω,W,,,,,,P,Ω,W
,,,,,ò,¶,R,,,,,
,,&,,,,,,∞,º,W,,
,,,,,&,,,,,,,
&,,,,,,,,&,,,,
,X,†,U,,,,,,,®,U,
,,,,`,Ã,",",,,,,,
,&,,,,,,∞,º,W,,,
,,,,&,,,,,,,,&
,,,,,,,&,,,,,
@,,&,,,,,,,L,U,,
,,,X,,A,,,,,,,
&,,,,,,∞,º,W,,,,
,,,&,,,,,,,,&,
,,,,,,&,,,,,,»
Ω,W,,,,,,P,Ω,W,,,
,,ò,¶,R,,,,,,,,&
,,,,,∞,º,W,,,,,
,,&,,,,,,,,&,,
,,,,,&,,,,,,»,Ω
W,,,,,,P,Ω,W,,,,
,ò,¶,R,,,,,,,,&,
,,,,∞,º,W,,,,,,
,&,,,,,,,,&,,,
,,,,&,,,,,,,N,U
,,,,,,§,U,,,,,
`,Ã,",",,,,,,,,&,,
,,,∞,º,W,,,,,,,
&,,,,,,,,&,,,,
,,,&,,,,,,»,Ω,W,
,,,,P,Ω,W,,,,,,ò
¶,R,,,,,,,,&,,,
,,∞,º,W,,,,,,,,&
,,,,,,,&,,,,,
,,&,,,,,,(,,&,,
,,,8,ß,U,,,,,,®,è
H,,,,,,,,&,,,,
,∞,º,W,,,,,,,,&,
,,,,,,&,,,,,,
,&,,,,,,»,Ω,W,,,
,,P,Ω,W,,,,,,ò,¶,R
,,,,,,,&,,,,,
∞,º,W,,,,,,,,&,,
,,,,,&,,,,,,,
&,,,,,,X,†,U,,,,
,,®,U,,,,,,`,Ã,",",
,,,,,,&,,,,,,∞
º,W,,,,,,,,&,,,
,,,,&,,,,,,,,&
,,,,,0,¿,I,,,,,
,§,U,,,,,,`,Ã,",",,
,,,,,&,,,,,,∞,º
W,,,,,,,,&,,,,
,,,&,,,,,,,,&,
,,,,»,Ω,W,,,,,,P
Ω,W,,,,,,ò,¶,R,,,
,,,,&,,,,,,∞,º,W
,,,,,,,&,,,,,
,,&,,,,,,,,&,,
,,,»,Ω,W,,,,,,P,Ω
W,,,,,,ò,¶,R,,,,
,,,&,,,,,,∞,º,W,
,,,,,,&,,,,,,
,&,,,,,,,,&,,,
,,h,ƒ,",",,,,,,8,Ç,Z
,,,,,P,ç,H,,,,,
,,&,,,,,,∞,º,W,,
,,,,,&,,,,,,,
&,,,,,,,,&,,,,
,»,Ω,W,,,,,,P,Ω,W,
,,,,ò,¶,R,,,,,,
,&,,,,,,∞,º,W,,,
,,,,&,,,,,,,,&
,,,,,,,&,,,,,
0,Ö,Z,,,,,,ò,K,U,,
,,,x,Õ,",",,,,,,,
&,,,,,,∞,º,W,,,,
,,,&,,,,,,,,&,
,,,,,,&,,,,,,»
Ω,W,,,,,,P,Ω,W,,,
,,ò,¶,R,,,,,,,,&
,,,,,∞,º,W,,,,,
,,&,,,,,,,,&,,
,,,,,&,,,,,,X,†
U,,,,,,,®,U,,,,
,`,Ã,",",,,,,,,,&,
,,,,∞,º,W,,,,,,
,&,,,,,,,,&,,,
,,,,&,,,,,,,N,U
,,,,,,§,U,,,,,
`,Ã,",",,,,,,,,&,,
,,,∞,º,W,,,,,,,
&,,,,,,,,&,,,,
,,,&,,,,,,»,Ω,W,
,,,,P,Ω,W,,,,,,ò
¶,R,,,,,,,,&,,,
,,∞,º,W,,,,,,,,&
,,,,,,,&,,,,,
,,&,,,,,,»,Ω,W,,
,,,P,Ω,W,,,,,,ò,¶
R,,,,,,,,&,,,,
,∞,º,W,,,,,,,,&,
,,,,,,&,,,,,,
,&,,,,,,,N,U,,,
,,,§,U,,,,,,`,Ã,","
,,,,,,,&,,,,,
∞,º,W,,,,,,,,&,,
,,,,,&,,,,,,,
&,,,,,,»,Ω,W,,,,
,P,Ω,W,,,,,,ò,¶,R,
,,,,,,&,,,,,,∞
º,W,,,,,,,,&,,,
,,,,&,,,,,,,,&
,,,,,0,Ö,Z,,,,,
ò,K,U,,,,,,x,Õ,",",,
,,,,,&,,,,,,∞,º
W,,,,,,,,&,,,,
,,,&,,,,,,,,&,
,,,,»,Ω,W,,,,,,P
Ω,W,,,,,,ò,¶,R,,,
,,,,&,,,,,,∞,º,W
,,,,,,,&,,,,,
,,&,,,,,,,,&,,
,,,X,†,U,,,,,,,®
U,,,,,,`,Ã,",",,,,
,,,&,,,,,,∞,º,W,
,,,,,,&,,,,,,
,&,,,,,,,,&,,,
,,0,¿,I,,,,,,,§,U
,,,,,`,Ã,",",,,,,
,,&,,,,,,∞,º,W,,
,,,,,&,,,,,,,
&,,,,,,,,&,,,,
,»,Ω,W,,,,,,P,Ω,W,
,,,,ò,¶,R,,,,,,
,&,,,,,,∞,º,W,,,
,,,,&,,,,,,,,&
,,,,,,,&,,,,,
»,Ω,W,,,,,,P,Ω,W,,
,,,ò,¶,R,,,,,,,
&,,,,,,∞,º,W,,,,
,,,&,,,,,,,,&,
,,,,,,&,,,,,,X
†,U,,,,,,¿,Å,Z,,,
,,P,ç,H,,,,,,,,&
,,,,,∞,º,W,,,,,
,,&,,,,,,,,&,,
,,,,,&,,,,,,»,Ω
W,,,,,,P,Ω,W,,,,
,ò,¶,R,,,,,,,,&,
,,,,∞,º,W,,,,,,
,&,,,,,,,,&,,,
,,,,&,,,,,,0,Ö,Z
,,,,,ò,K,U,,,,,
x,Õ,",",,,,,,,,&,,
,,,∞,º,W,,,,,,,
&,,,,,,,,&,,,,
,,,&,,,,,,»,Ω,W,
,,,,P,Ω,W,,,,,,ò
¶,R,,,,,,,,&,,,
,,∞,º,W,,,,,,,,&
,,,,,,,&,,,,,
,,&,,,,,,X,†,U,,
,,,,®,U,,,,,,`,Ã
",",,,,,,,,&,,,,
,∞,º,W,,,,,,,,&,
,,,,,,&,,,,,,
,&,,,,,,,N,U,,,
,,,§,U,,,,,,`,Ã,","
,,,,,,,&,,,,,
∞,º,W,,,,,,,,&,,
,,,,,&,,,,,,,
&,,,,,,»,Ω,W,,,,
,P,Ω,W,,,,,,ò,¶,R,
,,,,,,&,,,,,,∞
º,W,,,,,,,,&,,,
,,,,&,,,,,,,,&
,,,,,»,Ω,W,,,,,
P,Ω,W,,,,,,ò,¶,R,,
,,,,,&,,,,,,∞,º
W,,,,,,,,&,,,,
,,,&,,,,,,,,&,
,,,,,N,U,,,,,,
§,U,,,,,,`,Ã,",",,,
,,,,&,,,,,,∞,º,W
,,,,,,,&,,,,,
,,&,,,,,,,,&,,
,,,»,Ω,W,,,,,,P,Ω
W,,,,,,ò,¶,R,,,,
,,,&,,,,,,∞,º,W,
,,,,,,&,,,,,,
,&,,,,,,,,&,,,
,,H,Ü,H,,,,,,`,Ç,Z
,,,,,H,Ü,H,,,,,
,,&,,,,,,∞,º,W,,
,,,,,&,,,,,,,
&,,,,,,,,&,,,,
,»,Ω,W,,,,,,P,Ω,W,
,,,,ò,¶,R,,,,,,
,&,,,,,,∞,º,W,,,
,,,,&,,,,,,,,&
,,,,,,,&,,,,,
X,†,U,,,,,,,®,U,,
,,,`,Ã,",",,,,,,,
&,,,,,,∞,º,W,,,,
,,,&,,,,,,,,&,
,,,,,,&,,,,,,0
¿,I,,,,,,,§,U,,,
,,`,Ã,",",,,,,,,,&
,,,,,∞,º,W,,,,,
,,&,,,,,,,,&,,
,,,,,&,,,,,,»,Ω
W,,,,,,P,Ω,W,,,,
,ò,¶,R,,,,,,,,&,
,,,,∞,º,W,,,,,,
,&,,,,,,,,&,,,
,,,,&,,,,,,»,Ω,W
,,,,,P,Ω,W,,,,,
ò,¶,R,,,,,,,,&,,
,,,∞,º,W,,,,,,,
&,,,,,,,,&,,,,
,,,&,,,,,,‡,,A,
,,,,Ë,¶,U,,,,,,X
,A,,,,,,,,&,,,
,,∞,º,W,,,,,,,,&
,,,,,,,&,,,,,
,,&,,,,,,»,Ω,W,,
,,,P,Ω,W,,,,,,ò,¶
R,,,,,,,,&,,,,
,∞,º,W,,,,,,,,&,
,,,,,,&,,,,,,
,&,,,,,,0,Ö,Z,,,
,,ò,K,U,,,,,,x,Õ,","
,,,,,,,&,,,,,
∞,º,W,,,,,,,,&,,
,,,,,&,,,,,,,
&,,,,,,»,Ω,W,,,,
,P,Ω,W,,,,,,ò,¶,R,
,,,,,,&,,,,,,∞
º,W,,,,,,,,&,,,
,,,,&,,,,,,,,&
,,,,,X,†,U,,,,,
,®,U,,,,,,`,Ã,",",,
,,,,,&,,,,,,∞,º
W,,,,,,,,&,,,,
,,,&,,,,,,,,&,
,,,,,N,U,,,,,,
§,U,,,,,,`,Ã,",",,,
,,,,&,,,,,,∞,º,W
,,,,,,,&,,,,,
,,&,,,,,,,,&,,
,,,»,Ω,W,,,,,,P,Ω
W,,,,,,ò,¶,R,,,,
,,,&,,,,,,∞,º,W,
,,,,,,&,,,,,,
,&,,,,,,,,&,,,
,,»,Ω,W,,,,,,P,Ω,W
,,,,,ò,¶,R,,,,,
,,&,,,,,,∞,º,W,,
,,,,,&,,,,,,,
&,,,,,,,,&,,,,
,,N,U,,,,,,,§,U,
,,,,`,Ã,",",,,,,,
,&,,,,,,∞,º,W,,,
,,,,&,,,,,,,,&
,,,,,,,&,,,,,
»,Ω,W,,,,,,P,Ω,W,,
,,,ò,¶,R,,,,,,,
&,,,,,,∞,º,W,,,,
,,,&,,,,,,,,&,
,,,,,,&,,,,,,h
§,U,,,,,,»,É,Z,,,
,,H,Ü,H,,,,,,,,&
,,,,,∞,º,W,,,,,
,,&,,,,,,,,&,,
,,,,,&,,,,,,»,Ω
W,,,,,,P,Ω,W,,,,
,ò,¶,R,,,,,,,,&,
,,,,∞,º,W,,,,,,
,&,,,,,,,,&,,,
,,,,&,,,,,,X,†,U
,,,,,,®,U,,,,,
`,Ã,",",,,,,,,,&,,
,,,∞,º,W,,,,,,,
&,,,,,,,,&,,,,
,,,&,,,,,,0,¿,I,
,,,,,§,U,,,,,,`
Ã,",",,,,,,,,&,,,
,,∞,º,W,,,,,,,,&
,,,,,,,&,,,,,
,,&,,,,,,»,Ω,W,,
,,,P,Ω,W,,,,,,ò,¶
R,,,,,,,,&,,,,
,∞,º,W,,,,,,,,&,
,,,,,,&,,,,,,
,&,,,,,,»,Ω,W,,,
,,P,Ω,W,,,,,,ò,¶,R
,,,,,,,&,,,,,
∞,º,W,,,,,,,,&,,
,,,,,&,,,,,,,
&,,,,,,,N,U,,,,
,∏,N,U,,,,,,X,,A,
,,,,,,&,,,,,,∞
º,W,,,,,,,,&,,,
,,,,&,,,,,,,,&
,,,,,»,Ω,W,,,,,
P,Ω,W,,,,,,ò,¶,R,,
,,,,,&,,,,,,∞,º
W,,,,,,,,&,,,,
,,,&,,,,,,,,&,
,,,,0,Ö,Z,,,,,,ò
K,U,,,,,,x,Õ,",",,,
,,,,&,,,,,,∞,º,W
,,,,,,,&,,,,,
,,&,,,,,,,,&,,
,,,»,Ω,W,,,,,,P,Ω
W,,,,,,ò,¶,R,,,,
,,,&,,,,,,∞,º,W,
,,,,,,&,,,,,,
,&,,,,,,,,&,,,
,,X,†,U,,,,,,,®,U
,,,,,`,Ã,",",,,,,
,,&,,,,,,∞,º,W,,
,,,,,&,,,,,,,
&,,,,,,,,&,,,,
,–,è,H,,,,,,∏,N,U,
,,,,X,,A,,,,,,
,&,,,,,,∞,º,W,,,
,,,,&,,,,,,,,&
,,,,,,,&,,,,,
»,Ω,W,,,,,,P,Ω,W,,
,,,ò,¶,R,,,,,,,
&,,,,,,∞,º,W,,,,
,,,&,,,,,,,,&,
,,,,,,&,,,,,,»
Ω,W,,,,,,P,Ω,W,,,
,,ò,¶,R,,,,,,,,&
,,,,,∞,º,W,,,,,
,,&,,,,,,,,&,,
,,,,,&,,,,,,,N
U,,,,,,,§,U,,,,
,`,Ã,",",,,,,,,,&,
,,,,∞,º,W,,,,,,
,&,,,,,,,,&,,,
,,,,&,,,,,,»,Ω,W
,,,,,P,Ω,W,,,,,
ò,¶,R,,,,,,,,&,,
,,,∞,º,W,,,,,,,
&,,,,,,,,&,,,,
,,,&,,,,,,H,Ü,H,
,,,,`,Ç,Z,,,,,,H
Ü,H,,,,,,,,&,,,
,,∞,º,W,,,,,,,,&
,,,,,,,&,,,,,
,,&,,,,,,»,Ω,W,,
,,,P,Ω,W,,,,,,ò,¶
R,,,,,,,,&,,,,
,∞,º,W,,,,,,,,&,
,,,,,,&,,,,,,
,&,,,,,,X,†,U,,,
,,,®,U,,,,,,`,Ã,","
,,,,,,,&,,,,,
∞,º,W,,,,,,,,&,,
,,,,,&,,,,,,,
&,,,,,,0,¿,I,,,,
,,§,U,,,,,,`,Ã,",",
,,,,,,&,,,,,,∞
º,W,,,,,,,,&,,,
,,,,&,,,,,,,,&
,,,,,»,Ω,W,,,,,
P,Ω,W,,,,,,ò,¶,R,,
,,,,,&,,,,,,∞,º
W,,,,,,,,&,,,,
,,,&,,,,,,,,&,
,,,,»,Ω,W,,,,,,P
Ω,W,,,,,,ò,¶,R,,,
,,,,&,,,,,,∞,º,W
,,,,,,,&,,,,,
,,&,,,,,,,,&,,
,,,Ë,¡,",",,,,,,ò,Å
Z,,,,,,P,ç,H,,,,
,,,&,,,,,,∞,º,W,
,,,,,,&,,,,,,
,&,,,,,,,,&,,,
,,»,Ω,W,,,,,,P,Ω,W
,,,,,ò,¶,R,,,,,
,,&,,,,,,∞,º,W,,
,,,,,&,,,,,,,
&,,,,,,,,&,,,,
,0,Ö,Z,,,,,,ò,K,U,
,,,,x,Õ,",",,,,,,
,&,,,,,,∞,º,W,,,
,,,,&,,,,,,,,&
,,,,,,,&,,,,,
»,Ω,W,,,,,,P,Ω,W,,
,,,ò,¶,R,,,,,,,
&,,,,,,∞,º,W,,,,
,,,&,,,,,,,,&,
,,,,,,&,,,,,,X
†,U,,,,,,,®,U,,,
,,`,Ã,",",,,,,,,,&
,,,,,∞,º,W,,,,,
,,&,,,,,,,,&,,
,,,,,&,,,,,,0,¿
I,,,,,, ,,A,,,,
,X,,A,,,,,,,,&,
,,,,∞,º,W,,,,,,
,&,,,,,,,,&,,,
,,,,&,,,,,,»,Ω,W
,,,,,P,Ω,W,,,,,
ò,¶,R,,,,,,,,&,,
,,,∞,º,W,,,,,,,
&,,,,,,,,&,,,,
,,,&,,,,,,»,Ω,W,
,,,,P,Ω,W,,,,,,ò
¶,R,,,,,,,,&,,,
,,∞,º,W,,,,,,,,&
,,,,,,,&,,,,,
,,&,,,,,,,N,U,,
,,,,§,U,,,,,,`,Ã
",",,,,,,,,&,,,,
,∞,º,W,,,,,,,,&,
,,,,,,&,,,,,,
,&,,,,,,»,Ω,W,,,
,,P,Ω,W,,,,,,ò,¶,R
,,,,,,,&,,,,,
∞,º,W,,,,,,,,&,,
,,,,,&,,,,,,,
&,,,,,,h,§,U,,,,
,»,É,Z,,,,,,H,Ü,H,
,,,,,,&,,,,,,∞
º,W,,,,,,,,&,,,
,,,,&,,,,,,,,&
,,,,,»,Ω,W,,,,,
P,Ω,W,,,,,,ò,¶,R,,
,,,,,&,,,,,,∞,º
W,,,,,,,,&,,,,
,,,&,,,,,,,,&,
,,,,X,†,U,,,,,,
®,U,,,,,,`,Ã,",",,,
,,,,&,,,,,,∞,º,W
,,,,,,,&,,,,,
,,&,,,,,,,,&,,
,,,0,¿,I,,,,,,,§
U,,,,,,`,Ã,",",,,,
,,,&,,,,,,∞,º,W,
,,,,,,&,,,,,,
,&,,,,,,,,&,,,
,,»,Ω,W,,,,,,P,Ω,W
,,,,,ò,¶,R,,,,,
,,&,,,,,,∞,º,W,,
,,,,,&,,,,,,,
&,,,,,,,,&,,,,
,»,Ω,W,,,,,,P,Ω,W,
,,,,ò,¶,R,,,,,,
,&,,,,,,∞,º,W,,,
,,,,&,,,,,,,,&
,,,,,,,&,,,,,
h,ƒ,",",,,,,,8,Ç,Z,,
,,,P,ç,H,,,,,,,
&,,,,,,∞,º,W,,,,
,,,&,,,,,,,,&,
,,,,,,&,,,,,,»
Ω,W,,,,,,P,Ω,W,,,
,,ò,¶,R,,,,,,,,&
,,,,,∞,º,W,,,,,
,,&,,,,,,,,&,,
,,,,,&,,,,,,0,Ö
Z,,,,,,ò,K,U,,,,
,x,Õ,",",,,,,,,,&,
,,,,∞,º,W,,,,,,
,&,,,,,,,,&,,,
,,,,&,,,,,,»,Ω,W
,,,,,P,Ω,W,,,,,
ò,¶,R,,,,,,,,&,,
,,,∞,º,W,,,,,,,
&,,,,,,,,&,,,,
,,,&,,,,,,X,†,U,
,,,,,®,U,,,,,,`
Ã,",",,,,,,,,&,,,
,,∞,º,W,,,,,,,,&
,,,,,,,&,,,,,
,,&,,,,,,,N,U,,
,,,Ë,Å,Z,,,,,,P,ç
H,,,,,,,,&,,,,
,∞,º,W,,,,,,,,&,
,,,,,,&,,,,,,
,&,,,,,,»,Ω,W,,,
,,P,Ω,W,,,,,,ò,¶,R
,,,,,,,&,,,,,
∞,º,W,,,,,,,,&,,
,,,,,&,,,,,,,
&,,,,,,»,Ω,W,,,,
,P,Ω,W,,,,,,ò,¶,R,
,,,,,,&,,,,,,∞
º,W,,,,,,,,&,,,
,,,,&,,,,,,,,&
,,,,,,N,U,,,,,
,§,U,,,,,,`,Ã,",",,
,,,,,&,,,,,,∞,º
W,,,,,,,,&,,,,
,,,&,,,,,,,,&,
,,,,»,Ω,W,,,,,,P
Ω,W,,,,,,ò,¶,R,,,
,,,,&,,,,,,∞,º,W
,,,,,,,&,,,,,
,,&,,,,,,,,&,,
,,,h,§,U,,,,,,»,É
Z,,,,,,H,Ü,H,,,,
,,,&,,,,,,∞,º,W,
,,,,,,&,,,,,,
,&,,,,,,,,&,,,
,,»,Ω,W,,,,,,P,Ω,W
,,,,,ò,¶,R,,,,,
,,&,,,,,,∞,º,W,,
,,,,,&,,,,,,,
&,,,,,,,,&,,,,
,X,†,U,,,,,,,®,U,
,,,,`,Ã,",",,,,,,
,&,,,,,,∞,º,W,,,
,,,,&,,,,,,,,&
,,,,,,,&,,,,,
0,¿,I,,,,,,,§,U,,
,,,`,Ã,",",,,,,,,
&,,,,,,∞,º,W,,,,
,,,&,,,,,,,,&,
,,,,,,&,,,,,,»
Ω,W,,,,,,P,Ω,W,,,
,,ò,¶,R,,,,,,,,&
,,,,,∞,º,W,,,,,
,,&,,,,,,,,&,,
,,,,,&,,,,,,»,Ω
W,,,,,,P,Ω,W,,,,
,ò,¶,R,,,,,,,,&,
,,,,∞,º,W,,,,,,
,&,,,,,,,,&,,,
,,,,&,,,,,,»,£,U
,,,,,¯,,A,,,,,
X,,A,,,,,,,,&,,
,,,∞,º,W,,,,,,,
&,,,,,,,,&,,,,
,,,&,,,,,,»,Ω,W,
,,,,P,Ω,W,,,,,,ò
¶,R,,,,,,,,&,,,
,,∞,º,W,,,,,,,,&
,,,,,,,&,,,,,
,,&,,,,,,0,Ö,Z,,
,,,ò,K,U,,,,,,x,Õ
",",,,,,,,,&,,,,
,∞,º,W,,,,,,,,&,
,,,,,,&,,,,,,
,&,,,,,,»,Ω,W,,,
,,P,Ω,W,,,,,,ò,¶,R
,,,,,,,&,,,,,
∞,º,W,,,,,,,,&,,
,,,,,&,,,,,,,
&,,,,,,X,†,U,,,,
,,®,U,,,,,,`,Ã,",",
,,,,,,&,,,,,,∞
º,W,,,,,,,,&,,,
,,,,&,,,,,,,,&
,,,,,Ë,¡,",",,,,,
ò,Å,Z,,,,,,P,ç,H,,
,,,,,&,,,,,,∞,º
W,,,,,,,,&,,,,
,,,&,,,,,,,,&,
,,,,»,Ω,W,,,,,,P
Ω,W,,,,,,ò,¶,R,,,
,,,,&,,,,,,∞,º,W
,,,,,,,&,,,,,
,,&,,,,,,,,&,,
,,,»,Ω,W,,,,,,P,Ω
W,,,,,,ò,¶,R,,,,
,,,&,,,,,,∞,º,W,
,,,,,,&,,,,,,
,&,,,,,,,,&,,,
,,,N,U,,,,,,,§,U
,,,,,`,Ã,",",,,,,
,,&,,,,,,∞,º,W,,
,,,,,&,,,,,,,
&,,,,,,,,&,,,,
,»,Ω,W,,,,,,P,Ω,W,
,,,,ò,¶,R,,,,,,
,&,,,,,,∞,º,W,,,
,,,,&,,,,,,,,&
,,,,,,,&,,,,,
(,,&,,,,,,8,ß,U,,
,,,®,è,H,,,,,,,
&,,,,,,∞,º,W,,,,
,,,&,,,,,,,,&,
,,,,,,&,,,,,,»
Ω,W,,,,,,P,Ω,W,,,
,,ò,¶,R,,,,,,,,&
,,,,,∞,º,W,,,,,
,,&,,,,,,,,&,,
,,,,,&,,,,,,X,†
U,,,,,,,®,U,,,,
,`,Ã,",",,,,,,,,&,
,,,,∞,º,W,,,,,,
,&,,,,,,,,&,,,
,,,,&,,,,,,0,¿,I
,,,,,,§,U,,,,,
`,Ã,",",,,,,,,,&,,
,,,∞,º,W,,,,,,,
&,,,,,,,,&,,,,
,,,&,,,,,,»,Ω,W,
,,,,P,Ω,W,,,,,,ò
¶,R,,,,,,,,&,,,
,,∞,º,W,,,,,,,,&
,,,,,,,&,,,,,
,,&,,,,,,»,Ω,W,,
,,,P,Ω,W,,,,,,ò,¶
R,,,,,,,,&,,,,
,∞,º,W,,,,,,,,&,
,,,,,,&,,,,,,
,&,,,,,,H,Ü,H,,,
,,`,Ç,Z,,,,,,H,Ü,H
,,,,,,,&,,,,,
∞,º,W,,,,,,,,&,,
,,,,,&,,,,,,,
&,,,,,,»,Ω,W,,,,
,P,Ω,W,,,,,,ò,¶,R,
,,,,,,&,,,,,,∞
º,W,,,,,,,,&,,,
,,,,&,,,,,,,,&
,,,,,0,Ö,Z,,,,,
ò,K,U,,,,,,x,Õ,",",,
,,,,,&,,,,,,∞,º
W,,,,,,,,&,,,,
,,,&,,,,,,,,&,
,,,,»,Ω,W,,,,,,P
Ω,W,,,,,,ò,¶,R,,,
,,,,&,,,,,,∞,º,W
,,,,,,,&,,,,,
,,&,,,,,,,,&,,
,,,X,†,U,,,,,,,®
U,,,,,,`,Ã,",",,,,
,,,&,,,,,,∞,º,W,
,,,,,,&,,,,,,
,&,,,,,,,,&,,,
,,ò,¡,I,,,,,,,ß,U
,,,,, ,À,",",,,,,
,,&,,,,,,∞,º,W,,
,,,,,&,,,,,,,
&,,,,,,,,&,,,,
,»,Ω,W,,,,,,P,Ω,W,
,,,,ò,¶,R,,,,,,
,&,,,,,,∞,º,W,,,
,,,,&,,,,,,,,&
,,,,,,,&,,,,,
»,Ω,W,,,,,,P,Ω,W,,
,,,ò,¶,R,,,,,,,
&,,,,,,∞,º,W,,,,
,,,&,,,,,,,,&,
,,,,,,&,,,,,,
N,U,,,,,,,§,U,,,
,,`,Ã,",",,,,,,,,&
,,,,,∞,º,W,,,,,
,,&,,,,,,,,&,,
,,,,,&,,,,,,»,Ω
W,,,,,,P,Ω,W,,,,
,ò,¶,R,,,,,,,,&,
,,,,∞,º,W,,,,,,
,&,,,,,,,,&,,,
,,,,&,,,,,,(,,&
,,,,,8,ß,U,,,,,
®,è,H,,,,,,,,&,,
,,,∞,º,W,,,,,,,
&,,,,,,,,&,,,,
,,,&,,,,,,»,Ω,W,
,,,,P,Ω,W,,,,,,ò
¶,R,,,,,,,,&,,,
,,∞,º,W,,,,,,,,&
,,,,,,,&,,,,,
,,&,,,,,,X,†,U,,
,,,,®,U,,,,,,`,Ã
",",,,,,,,,&,,,,
,∞,º,W,,,,,,,,&,
,,,,,,&,,,,,,
,&,,,,,,0,¿,I,,,
,,,§,U,,,,,,`,Ã,","
,,,,,,,&,,,,,
∞,º,W,,,,,,,,&,,
,,,,,&,,,,,,,
&,,,,,,»,Ω,W,,,,
,P,Ω,W,,,,,,ò,¶,R,
,,,,,,&,,,,,,∞
º,W,,,,,,,,&,,,
,,,,&,,,,,,,,&
,,,,,»,Ω,W,,,,,
P,Ω,W,,,,,,ò,¶,R,,
,,,,,&,,,,,,∞,º
W,,,,,,,,&,,,,
,,,&,,,,,,,,&,
,,,,,N,U,,,,,, 
,A,,,,,,X,,A,,,
,,,,&,,,,,,∞,º,W
,,,,,,,&,,,,,
,,&,,,,,,,,&,,
,,,»,Ω,W,,,,,,P,Ω
W,,,,,,ò,¶,R,,,,
,,,&,,,,,,∞,º,W,
,,,,,,&,,,,,,
,&,,,,,,,,&,,,
,,0,Ö,Z,,,,,,ò,K,U
,,,,,x,Õ,",",,,,,
,,&,,,,,,∞,º,W,,
,,,,,&,,,,,,,
&,,,,,,,,&,,,,
,»,Ω,W,,,,,,P,Ω,W,
,,,,ò,¶,R,,,,,,
,&,,,,,,∞,º,W,,,
,,,,&,,,,,,,,&
,,,,,,,&,,,,,
X,†,U,,,,,,,®,U,,
,,,`,Ã,",",,,,,,,
&,,,,,,∞,º,W,,,,
,,,&,,,,,,,,&,
,,,,,,&,,,,,,(
,&,,,,,,Ë,Å,Z,,,
,,P,ç,H,,,,,,,,&
,,,,,∞,º,W,,,,,
,,&,,,,,,,,&,,
,,,,,&,,,,,,»,Ω
W,,,,,,P,Ω,W,,,,
,ò,¶,R,,,,,,,,&,
,,,,∞,º,W,,,,,,
,&,,,,,,,,&,,,
,,,,&,,,,,,»,Ω,W
,,,,,P,Ω,W,,,,,
ò,¶,R,,,,,,,,&,,
,,,∞,º,W,,,,,,,
&,,,,,,,,&,,,,
,,,&,,,,,,,N,U,
,,,,,§,U,,,,,,`
Ã,",",,,,,,,,&,,,
,,∞,º,W,,,,,,,,&
,,,,,,,&,,,,,
,,&,,,,,,»,Ω,W,,
,,,P,Ω,W,,,,,,ò,¶
R,,,,,,,,&,,,,
,∞,º,W,,,,,,,,&,
,,,,,,&,,,,,,
,&,,,,,,0,Ö,Z,,,
,,ò,K,U,,,,,,x,Õ,","
,,,,,,,&,,,,,
∞,º,W,,,,,,,,&,,
,,,,,&,,,,,,,
&,,,,,,»,Ω,W,,,,
,P,Ω,W,,,,,,ò,¶,R,
,,,,,,&,,,,,,∞
º,W,,,,,,,,&,,,
,,,,&,,,,,,,,&
,,,,,X,†,U,,,,,
,®,U,,,,,,`,Ã,",",,
,,,,,&,,,,,,∞,º
W,,,,,,,,&,,,,
,,,&,,,,,,,,&,
,,,,0,¿,I,,,,,,
§,U,,,,,,`,Ã,",",,,
,,,,&,,,,,,∞,º,W
,,,,,,,&,,,,,
,,&,,,,,,,,&,,
,,,»,Ω,W,,,,,,P,Ω
W,,,,,,ò,¶,R,,,,
,,,&,,,,,,∞,º,W,
,,,,,,&,,,,,,
,&,,,,,,,,&,,,
,,»,Ω,W,,,,,,P,Ω,W
,,,,,ò,¶,R,,,,,
,,&,,,,,,∞,º,W,,
,,,,,&,,,,,,,
&,,,,,,,,&,,,,
,»,£,U,,,,,,¯,,A,
,,,,X,,A,,,,,,
,&,,,,,,∞,º,W,,,
,,,,&,,,,,,,,&
,,,,,,,&,,,,,
»,Ω,W,,,,,,P,Ω,W,,
,,,ò,¶,R,,,,,,,
&,,,,,,∞,º,W,,,,
,,,&,,,,,,,,&,
,,,,,,&,,,,,,0
Ö,Z,,,,,,ò,K,U,,,
,,x,Õ,",",,,,,,,,&
,,,,,∞,º,W,,,,,
,,&,,,,,,,,&,,
,,,,,&,,,,,,»,Ω
W,,,,,,P,Ω,W,,,,
,ò,¶,R,,,,,,,,&,
,,,,∞,º,W,,,,,,
,&,,,,,,,,&,,,
,,,,&,,,,,,X,†,U
,,,,,,®,U,,,,,
`,Ã,",",,,,,,,,&,,
,,,∞,º,W,,,,,,,
&,,,,,,,,&,,,,
,,,&,,,,,,(,,&,
,,,,Ë,Å,Z,,,,,,P
ç,H,,,,,,,,&,,,
,,∞,º,W,,,,,,,,&
,,,,,,,&,,,,,
,,&,,,,,,»,Ω,W,,
,,,P,Ω,W,,,,,,ò,¶
R,,,,,,,,&,,,,
,∞,º,W,,,,,,,,&,
,,,,,,&,,,,,,
,&,,,,,,»,Ω,W,,,
,,P,Ω,W,,,,,,ò,¶,R
,,,,,,,&,,,,,
∞,º,W,,,,,,,,&,,
,,,,,&,,,,,,,
&,,,,,,,N,U,,,,
,,§,U,,,,,,`,Ã,",",
,,,,,,&,,,,,,∞
º,W,,,,,,,,&,,,
,,,,&,,,,,,,,&
,,,,,»,Ω,W,,,,,
P,Ω,W,,,,,,ò,¶,R,,
,,,,,&,,,,,,∞,º
W,,,,,,,,&,,,,
,,,&,,,,,,,,&,
,,,,@,,&,,,,,, 
°,U,,,,,,®,è,H,,,
,,,,&,,,,,,∞,º,W
,,,,,,,&,,,,,
,,&,,,,,,,,&,,
,,,»,Ω,W,,,,,,P,Ω
W,,,,,,ò,¶,R,,,,
,,,&,,,,,,∞,º,W,
,,,,,,&,,,,,,
,&,,,,,,,,&,,,
,,X,†,U,,,,,,,®,U
,,,,,`,Ã,",",,,,,
,,&,,,,,,∞,º,W,,
,,,,,&,,,,,,,
&,,,,,,,,&,,,,
,0,¿,I,,,,,,,§,U,
,,,,`,Ã,",",,,,,,
,&,,,,,,∞,º,W,,,
,,,,&,,,,,,,,&
,,,,,,,&,,,,,
»,Ω,W,,,,,,P,Ω,W,,
,,,ò,¶,R,,,,,,,
&,,,,,,∞,º,W,,,,
,,,&,,,,,,,,&,
,,,,,,&,,,,,,»
Ω,W,,,,,,P,Ω,W,,,
,,ò,¶,R,,,,,,,,&
,,,,,∞,º,W,,,,,
,,&,,,,,,,,&,,
,,,,,&,,,,,,»,£
U,,,,,,¯,,A,,,,
,X,,A,,,,,,,,&,
,,,,∞,º,W,,,,,,
,&,,,,,,,,&,,,
,,,,&,,,,,,»,Ω,W
,,,,,P,Ω,W,,,,,
ò,¶,R,,,,,,,,&,,
,,,∞,º,W,,,,,,,
&,,,,,,,,&,,,,
,,,&,,,,,,0,Ö,Z,
,,,,ò,K,U,,,,,,x
Õ,",",,,,,,,,&,,,
,,∞,º,W,,,,,,,,&
,,,,,,,&,,,,,
,,&,,,,,,»,Ω,W,,
,,,P,Ω,W,,,,,,ò,¶
R,,,,,,,,&,,,,
,∞,º,W,,,,,,,,&,
,,,,,,&,,,,,,
,&,,,,,,X,†,U,,,
,,,®,U,,,,,,`,Ã,","
,,,,,,,&,,,,,
∞,º,W,,,,,,,,&,,
,,,,,&,,,,,,,
&,,,,,,,N,U,,,,
,,§,U,,,,,,`,Ã,",",
,,,,,,&,,,,,,∞
º,W,,,,,,,,&,,,
,,,,&,,,,,,,,&
,,,,,»,Ω,W,,,,,
P,Ω,W,,,,,,ò,¶,R,,
,,,,,&,,,,,,∞,º
W,,,,,,,,&,,,,
,,,&,,,,,,,,&,
,,,,»,Ω,W,,,,,,P
Ω,W,,,,,,ò,¶,R,,,
,,,,&,,,,,,∞,º,W
,,,,,,,&,,,,,
,,&,,,,,,,,&,,
,,,,N,U,,,,,,,§
U,,,,,,`,Ã,",",,,,
,,,&,,,,,,∞,º,W,
,,,,,,&,,,,,,
,&,,,,,,,,&,,,
,,»,Ω,W,,,,,,P,Ω,W
,,,,,ò,¶,R,,,,,
,,&,,,,,,∞,º,W,,
,,,,,&,,,,,,,
&,,,,,,,,&,,,,
,h,§,U,,,,,,»,É,Z,
,,,,H,Ü,H,,,,,,
,&,,,,,,∞,º,W,,,
,,,,&,,,,,,,,&
,,,,,,,&,,,,,
»,Ω,W,,,,,,P,Ω,W,,
,,,ò,¶,R,,,,,,,
&,,,,,,∞,º,W,,,,
,,,&,,,,,,,,&,
,,,,,,&,,,,,,X
†,U,,,,,,,®,U,,,
,,`,Ã,",",,,,,,,,&
,,,,,∞,º,W,,,,,
,,&,,,,,,,,&,,
,,,,,&,,,,,,0,¿
I,,,,,,,§,U,,,,
,`,Ã,",",,,,,,,,&,
,,,,∞,º,W,,,,,,
,&,,,,,,,,&,,,
,,,,&,,,,,,»,Ω,W
,,,,,P,Ω,W,,,,,
ò,¶,R,,,,,,,,&,,
,,,∞,º,W,,,,,,,
&,,,,,,,,&,,,,
,,,&,,,,,,»,Ω,W,
,,,,P,Ω,W,,,,,,ò
¶,R,,,,,,,,&,,,
,,∞,º,W,,,,,,,,&
,,,,,,,&,,,,,
,,&,,,,,,@,,&,,
,,,,á,H,,,,,,X,
A,,,,,,,,&,,,,
,∞,º,W,,,,,,,,&,
,,,,,,&,,,,,,
,&,,,,,,»,Ω,W,,,
,,P,Ω,W,,,,,,ò,¶,R
,,,,,,,&,,,,,
∞,º,W,,,,,,,,&,,
,,,,,&,,,,,,,
&,,,,,,0,Ö,Z,,,,
,ò,K,U,,,,,,x,Õ,",",
,,,,,,&,,,,,,∞
º,W,,,,,,,,&,,,
,,,,&,,,,,,,,&
,,,,,»,Ω,W,,,,,
P,Ω,W,,,,,,ò,¶,R,,
,,,,,&,,,,,,∞,º
W,,,,,,,,&,,,,
,,,&,,,,,,,,&,
,,,,X,†,U,,,,,,
®,U,,,,,,`,Ã,",",,,
,,,,&,,,,,,∞,º,W
,,,,,,,&,,,,,
,,&,,,,,,,,&,,
,,,»,Ω,W,,,,,,p,
A,,,,,,X,,A,,,,
,,,&,,,,,,∞,º,W,
,,,,,,&,,,,,,
,&,,,,,,,,&,,,
,,»,Ω,W,,,,,,P,Ω,W
,,,,,ò,¶,R,,,,,
,,&,,,,,,∞,º,W,,
,,,,,&,,,,,,,
&,,,,,,,,&,,,,
,»,Ω,W,,,,,,P,Ω,W,
,,,,ò,¶,R,,,,,,
,&,,,,,,∞,º,W,,,
,,,,&,,,,,,,,&
,,,,,,,&,,,,,
,N,U,,,,,,,§,U,,
,,,`,Ã,",",,,,,,,
&,,,,,,∞,º,W,,,,
,,,&,,,,,,,,&,
,,,,,,&,,,,,,»
Ω,W,,,,,,P,Ω,W,,,
,,ò,¶,R,,,,,,,,&
,,,,,∞,º,W,,,,,
,,&,,,,,,,,&,,
,,,,,&,,,,,,–,è
H,,,,,,x,É,Z,,,,
,H,Ü,H,,,,,,,,&,
,,,,∞,º,W,,,,,,
,&,,,,,,,,&,,,
,,,,&,,,,,,»,Ω,W
,,,,,P,Ω,W,,,,,
ò,¶,R,,,,,,,,&,,
,,,∞,º,W,,,,,,,
&,,,,,,,,&,,,,
,,,&,,,,,,X,†,U,
,,,,,®,U,,,,,,`
Ã,",",,,,,,,,&,,,
,,∞,º,W,,,,,,,,&
,,,,,,,&,,,,,
,,&,,,,,,0,¿,I,,
,,,,§,U,,,,,,`,Ã
",",,,,,,,,&,,,,
,∞,º,W,,,,,,,,&,
,,,,,,&,,,,,,
,&,,,,,,»,Ω,W,,,
,,P,Ω,W,,,,,,ò,¶,R
,,,,,,,&,,,,,
∞,º,W,,,,,,,,&,,
,,,,,&,,,,,,,
&,,,,,,»,Ω,W,,,,
,P,Ω,W,,,,,,ò,¶,R,
,,,,,,&,,,,,,∞
º,W,,,,,,,,&,,,
,,,,&,,,,,,,,&
,,,,,h,ƒ,",",,,,,
8,Ç,Z,,,,,,P,ç,H,,
,,,,,&,,,,,,∞,º
W,,,,,,,,&,,,,
,,,&,,,,,,,,&,
,,,,»,Ω,W,,,,,,P
Ω,W,,,,,,ò,¶,R,,,
,,,,&,,,,,,∞,º,W
,,,,,,,&,,,,,
,,&,,,,,,,,&,,
,,,0,Ö,Z,,,,,,ò,K
U,,,,,,x,Õ,",",,,,
,,,&,,,,,,∞,º,W,
,,,,,,&,,,,,,
,&,,,,,,,,&,,,
,,»,Ω,W,,,,,,P,Ω,W
,,,,,ò,¶,R,,,,,
,,&,,,,,,∞,º,W,,
,,,,,&,,,,,,,
&,,,,,,,,&,,,,
,X,†,U,,,,,,,®,U,
,,,,`,Ã,",",,,,,,
,&,,,,,,∞,º,W,,,
,,,,&,,,,,,,,&
,,,,,,,&,,,,,
»,Ω,W,,,,,,p,,A,,
,,,X,,A,,,,,,,
&,,,,,,∞,º,W,,,,
,,,&,,,,,,,,&,
,,,,,,&,,,,,,»
Ω,W,,,,,,P,Ω,W,,,
,,ò,¶,R,,,,,,,,&
,,,,,∞,º,W,,,,,
,,&,,,,,,,,&,,
,,,,,&,,,,,,»,Ω
W,,,,,,P,Ω,W,,,,
,ò,¶,R,,,,,,,,&,
,,,,∞,º,W,,,,,,
,&,,,,,,,,&,,,
,,,,&,,,,,,,N,U
,,,,,,§,U,,,,,
`,Ã,",",,,,,,,,&,,
,,,∞,º,W,,,,,,,
&,,,,,,,,&,,,,
,,,&,,,,,,»,Ω,W,
,,,,P,Ω,W,,,,,,ò
¶,R,,,,,,,,&,,,
,,∞,º,W,,,,,,,,&
,,,,,,,&,,,,,
,,&,,,,,,(,,&,,
,,,8,ß,U,,,,,,®,è
H,,,,,,,,&,,,,
,∞,º,W,,,,,,,,&,
,,,,,,&,,,,,,
,&,,,,,,»,Ω,W,,,
,,P,Ω,W,,,,,,ò,¶,R
,,,,,,,&,,,,,
∞,º,W,,,,,,,,&,,
,,,,,&,,,,,,,
&,,,,,,X,†,U,,,,
,,®,U,,,,,,`,Ã,",",
,,,,,,&,,,,,,∞
º,W,,,,,,,,&,,,
,,,,&,,,,,,,,&
,,,,,0,¿,I,,,,,
,§,U,,,,,,`,Ã,",",,
,,,,,&,,,,,,∞,º
W,,,,,,,,&,,,,
,,,&,,,,,,,,&,
,,,,»,Ω,W,,,,,,P
Ω,W,,,,,,ò,¶,R,,,
,,,,&,,,,,,∞,º,W
,,,,,,,&,,,,,
,,&,,,,,,,,&,,
,,,»,Ω,W,,,,,,P,Ω
W,,,,,,ò,¶,R,,,,
,,,&,,,,,,∞,º,W,
,,,,,,&,,,,,,
,&,,,,,,,,&,,,
,,¯,Ä,Z,,,,,,,Ω,W
,,,,,ò,¶,R,,,,,
,,&,,,,,,∞,º,W,,
,,,,,&,,,,,,,
&,,,,,,,,&,,,,
,»,Ω,W,,,,,,P,Ω,W,
,,,,ò,¶,R,,,,,,
,&,,,,,,∞,º,W,,,
,,,,&,,,,,,,,&
,,,,,,,&,,,,,
0,Ö,Z,,,,,,ò,K,U,,
,,,x,Õ,",",,,,,,,
&,,,,,,∞,º,W,,,,
,,,&,,,,,,,,&,
,,,,,,&,,,,,,»
Ω,W,,,,,,P,Ω,W,,,
,,ò,¶,R,,,,,,,,&
,,,,,∞,º,W,,,,,
,,&,,,,,,,,&,,
,,,,,&,,,,,,X,†
U,,,,,,,®,U,,,,
,`,Ã,",",,,,,,,,&,
,,,,∞,º,W,,,,,,
,&,,,,,,,,&,,,
,,,,&,,,,,,Ë,¡,","
,,,,,ò,Å,Z,,,,,
P,ç,H,,,,,,,,&,,
,,,∞,º,W,,,,,,,
&,,,,,,,,&,,,,
,,,&,,,,,,»,Ω,W,
,,,,P,Ω,W,,,,,,ò
¶,R,,,,,,,,&,,,
,,∞,º,W,,,,,,,,&
,,,,,,,&,,,,,
,,&,,,,,,»,Ω,W,,
,,,P,Ω,W,,,,,,ò,¶
R,,,,,,,,&,,,,
,∞,º,W,,,,,,,,&,
,,,,,,&,,,,,,
,&,,,,,,,N,U,,,
,,,§,U,,,,,,`,Ã,","
,,,,,,,&,,,,,
∞,º,W,,,,,,,,&,,
,,,,,&,,,,,,,
&,,,,,,»,Ω,W,,,,
,P,Ω,W,,,,,,ò,¶,R,
,,,,,,&,,,,,,∞
º,W,,,,,,,,&,,,
,,,,&,,,,,,,,&
,,,,,@,,&,,,,,
 ,°,U,,,,,,®,è,H,,
,,,,,&,,,,,,∞,º
W,,,,,,,,&,,,,
,,,&,,,,,,,,&,
,,,,»,Ω,W,,,,,,P
Ω,W,,,,,,ò,¶,R,,,
,,,,&,,,,,,∞,º,W
,,,,,,,&,,,,,
,,&,,,,,,,,&,,
,,,X,†,U,,,,,,,®
U,,,,,,`,Ã,",",,,,
,,,&,,,,,,∞,º,W,
,,,,,,&,,,,,,
,&,,,,,,,,&,,,
,,0,¿,I,,,,,,,§,U
,,,,,`,Ã,",",,,,,
,,&,,,,,,∞,º,W,,
,,,,,&,,,,,,,
&,,,,,,,,&,,,,
,»,Ω,W,,,,,,P,Ω,W,
,,,,ò,¶,R,,,,,,
,&,,,,,,∞,º,W,,,
,,,,&,,,,,,,,&
,,,,,,,&,,,,,
»,Ω,W,,,,,,P,Ω,W,,
,,,ò,¶,R,,,,,,,
&,,,,,,∞,º,W,,,,
,,,&,,,,,,,,&,
,,,,,,&,,,,,,h
ƒ,",",,,,,,8,Ç,Z,,,
,,P,ç,H,,,,,,,,&
,,,,,∞,º,W,,,,,
,,&,,,,,,,,&,,
,,,,,&,,,,,,»,Ω
W,,,,,,P,Ω,W,,,,
,ò,¶,R,,,,,,,,&,
,,,,∞,º,W,,,,,,
,&,,,,,,,,&,,,
,,,,&,,,,,,0,Ö,Z
,,,,,ò,K,U,,,,,
x,Õ,",",,,,,,,,&,,
,,,∞,º,W,,,,,,,
&,,,,,,,,&,,,,
,,,&,,,,,,»,Ω,W,
,,,,P,Ω,W,,,,,,ò
¶,R,,,,,,,,&,,,
,,∞,º,W,,,,,,,,&
,,,,,,,&,,,,,
,,&,,,,,,X,†,U,,
,,,,®,U,,,,,,`,Ã
",",,,,,,,,&,,,,
,∞,º,W,,,,,,,,&,
,,,,,,&,,,,,,
,&,,,,,,»,Ω,W,,,
,,p,,A,,,,,,X,,A
,,,,,,,&,,,,,
∞,º,W,,,,,,,,&,,
,,,,,&,,,,,,,
&,,,,,,»,Ω,W,,,,
,P,Ω,W,,,,,,ò,¶,R,
,,,,,,&,,,,,,∞
º,W,,,,,,,,&,,,
,,,,&,,,,,,,,&
,,,,,»,Ω,W,,,,,
P,Ω,W,,,,,,ò,¶,R,,
,,,,,&,,,,,,∞,º
W,,,,,,,,&,,,,
,,,&,,,,,,,,&,
,,,,,N,U,,,,,,
§,U,,,,,,`,Ã,",",,,
,,,,&,,,,,,∞,º,W
,,,,,,,&,,,,,
,,&,,,,,,,,&,,
,,,»,Ω,W,,,,,,P,Ω
W,,,,,,ò,¶,R,,,,
,,,&,,,,,,∞,º,W,
,,,,,,&,,,,,,
,&,,,,,,,,&,,,
,,(,,&,,,,,,8,ß,U
,,,,,®,è,H,,,,,
,,&,,,,,,∞,º,W,,
,,,,,&,,,,,,,
&,,,,,,,,&,,,,
,»,Ω,W,,,,,,P,Ω,W,
,,,,ò,¶,R,,,,,,
,&,,,,,,∞,º,W,,,
,,,,&,,,,,,,,&
,,,,,,,&,,,,,
X,†,U,,,,,,,®,U,,
,,,`,Ã,",",,,,,,,
&,,,,,,∞,º,W,,,,
,,,&,,,,,,,,&,
,,,,,,&,,,,,,0
¿,I,,,,,,,§,U,,,
,,`,Ã,",",,,,,,,,&
,,,,,∞,º,W,,,,,
,,&,,,,,,,,&,,
,,,,,&,,,,,,»,Ω
W,,,,,,P,Ω,W,,,,
,ò,¶,R,,,,,,,,&,
,,,,∞,º,W,,,,,,
,&,,,,,,,,&,,,
,,,,&,,,,,,»,Ω,W
,,,,,P,Ω,W,,,,,
ò,¶,R,,,,,,,,&,,
,,,∞,º,W,,,,,,,
&,,,,,,,,&,,,,
,,,&,,,,,,H,Ü,H,
,,,,`,Ç,Z,,,,,,H
Ü,H,,,,,,,,&,,,
,,∞,º,W,,,,,,,,&
,,,,,,,&,,,,,
,,&,,,,,,»,Ω,W,,
,,,P,Ω,W,,,,,,ò,¶
R,,,,,,,,&,,,,
,∞,º,W,,,,,,,,&,
,,,,,,&,,,,,,
,&,,,,,,0,Ö,Z,,,
,,ò,K,U,,,,,,x,Õ,","
,,,,,,,&,,,,,
∞,º,W,,,,,,,,&,,
,,,,,&,,,,,,,
&,,,,,,»,Ω,W,,,,
,P,Ω,W,,,,,,ò,¶,R,
,,,,,,&,,,,,,∞
º,W,,,,,,,,&,,,
,,,,&,,,,,,,,&
,,,,,X,†,U,,,,,
,®,U,,,,,,`,Ã,",",,
,,,,,&,,,,,,∞,º
W,,,,,,,,&,,,,
,,,&,,,,,,,,&,
,,,,,É,Z,,,,,,Ë
¶,U,,,,,,X,,A,,,
,,,,&,,,,,,∞,º,W
,,,,,,,&,,,,,
,,&,,,,,,,,&,,
,,,»,Ω,W,,,,,,P,Ω
W,,,,,,ò,¶,R,,,,
,,,&,,,,,,∞,º,W,
,,,,,,&,,,,,,
,&,,,,,,,,&,,,
,,»,Ω,W,,,,,,P,Ω,W
,,,,,ò,¶,R,,,,,
,,&,,,,,,∞,º,W,,
,,,,,&,,,,,,,
&,,,,,,,,&,,,,
,,N,U,,,,,,,§,U,
,,,,`,Ã,",",,,,,,
,&,,,,,,∞,º,W,,,
,,,,&,,,,,,,,&
,,,,,,,&,,,,,
»,Ω,W,,,,,,P,Ω,W,,
,,,ò,¶,R,,,,,,,
&,,,,,,∞,º,W,,,,
,,,&,,,,,,,,&,
,,,,,,&,,,,,,H
Ü,H,,,,,,`,Ç,Z,,,
,,H,Ü,H,,,,,,,,&
,,,,,∞,º,W,,,,,
,,&,,,,,,,,&,,
,,,,,&,,,,,,»,Ω
W,,,,,,P,Ω,W,,,,
,ò,¶,R,,,,,,,,&,
,,,,∞,º,W,,,,,,
,&,,,,,,,,&,,,
,,,,&,,,,,,X,†,U
,,,,,,®,U,,,,,
`,Ã,",",,,,,,,,&,,
,,,∞,º,W,,,,,,,
&,,,,,,,,&,,,,
,,,&,,,,,,0,¿,I,
,,,,,§,U,,,,,,`
Ã,",",,,,,,,,&,,,
,,∞,º,W,,,,,,,,&
,,,,,,,&,,,,,
,,&,,,,,,»,Ω,W,,
,,,P,Ω,W,,,,,,ò,¶
R,,,,,,,,&,,,,
,∞,º,W,,,,,,,,&,
,,,,,,&,,,,,,
,&,,,,,,»,Ω,W,,,
,,P,Ω,W,,,,,,ò,¶,R
,,,,,,,&,,,,,
∞,º,W,,,,,,,,&,,
,,,,,&,,,,,,,
&,,,,,,@,,&,,,,
,,á,H,,,,,,X,,A,
,,,,,,&,,,,,,∞
º,W,,,,,,,,&,,,
,,,,&,,,,,,,,&
,,,,,»,Ω,W,,,,,
P,Ω,W,,,,,,ò,¶,R,,
,,,,,&,,,,,,∞,º
W,,,,,,,,&,,,,
,,,&,,,,,,,,&,
,,,,0,Ö,Z,,,,,,ò
K,U,,,,,,x,Õ,",",,,
,,,,&,,,,,,∞,º,W
,,,,,,,&,,,,,
,,&,,,,,,,,&,,
,,,»,Ω,W,,,,,,P,Ω
W,,,,,,ò,¶,R,,,,
,,,&,,,,,,∞,º,W,
,,,,,,&,,,,,,
,&,,,,,,,,&,,,
,,X,†,U,,,,,,,®,U
,,,,,`,Ã,",",,,,,
,,&,,,,,,∞,º,W,,
,,,,,&,,,,,,,
&,,,,,,,,&,,,,
,¯,Ä,Z,,,,,,®,•,U,
,,,,`,Ã,",",,,,,,
,&,,,,,,∞,º,W,,,
,,,,&,,,,,,,,&
,,,,,,,&,,,,,
»,Ω,W,,,,,,P,Ω,W,,
,,,ò,¶,R,,,,,,,
&,,,,,,∞,º,W,,,,
,,,&,,,,,,,,&,
,,,,,,&,,,,,,»
Ω,W,,,,,,P,Ω,W,,,
,,ò,¶,R,,,,,,,,&
,,,,,∞,º,W,,,,,
,,&,,,,,,,,&,,
,,,,,&,,,,,,,N
U,,,,,,,§,U,,,,
,`,Ã,",",,,,,,,,&,
,,,,∞,º,W,,,,,,
,&,,,,,,,,&,,,
,,,,&,,,,,,»,Ω,W
,,,,,P,Ω,W,,,,,
ò,¶,R,,,,,,,,&,,
,,,∞,º,W,,,,,,,
&,,,,,,,,&,,,,
,,,&,,,,,,H,Ü,H,
,,,,`,Ç,Z,,,,,,H
Ü,H,,,,,,,,&,,,
,,∞,º,W,,,,,,,,&
,,,,,,,&,,,,,
,,&,,,,,,»,Ω,W,,
,,,P,Ω,W,,,,,,ò,¶
R,,,,,,,,&,,,,
,∞,º,W,,,,,,,,&,
,,,,,,&,,,,,,
,&,,,,,,X,†,U,,,
,,,®,U,,,,,,`,Ã,","
,,,,,,,&,,,,,
∞,º,W,,,,,,,,&,,
,,,,,&,,,,,,,
&,,,,,,0,¿,I,,,,
,,§,U,,,,,,`,Ã,",",
,,,,,,&,,,,,,∞
º,W,,,,,,,,&,,,
,,,,&,,,,,,,,&
,,,,,»,Ω,W,,,,,
P,Ω,W,,,,,,ò,¶,R,,
,,,,,&,,,,,,∞,º
W,,,,,,,,&,,,,
,,,&,,,,,,,,&,
,,,,»,Ω,W,,,,,,P
Ω,W,,,,,,ò,¶,R,,,
,,,,&,,,,,,∞,º,W
,,,,,,,&,,,,,
,,&,,,,,,,,&,,
,,,‡,,A,,,,,,p,K
U,,,,,,®,è,H,,,,
,,,&,,,,,,∞,º,W,
,,,,,,&,,,,,,
,&,,,,,,,,&,,,
,,»,Ω,W,,,,,,P,Ω,W
,,,,,ò,¶,R,,,,,
,,&,,,,,,∞,º,W,,
,,,,,&,,,,,,,
&,,,,,,,,&,,,,
,0,Ö,Z,,,,,,ò,K,U,
,,,,x,Õ,",",,,,,,
,&,,,,,,∞,º,W,,,
,,,,&,,,,,,,,&
,,,,,,,&,,,,,
»,Ω,W,,,,,,P,Ω,W,,
,,,ò,¶,R,,,,,,,
&,,,,,,∞,º,W,,,,
,,,&,,,,,,,,&,
,,,,,,&,,,,,,X
†,U,,,,,,,®,U,,,
,,`,Ã,",",,,,,,,,&
,,,,,∞,º,W,,,,,
,,&,,,,,,,,&,,
,,,,,&,,,,,,Ë,¡
",",,,,,,ò,Å,Z,,,,
,P,ç,H,,,,,,,,&,
,,,,∞,º,W,,,,,,
,&,,,,,,,,&,,,
,,,,&,,,,,,»,Ω,W
,,,,,P,Ω,W,,,,,
ò,¶,R,,,,,,,,&,,
,,,∞,º,W,,,,,,,
&,,,,,,,,&,,,,
,,,&,,,,,,»,Ω,W,
,,,,P,Ω,W,,,,,,ò
¶,R,,,,,,,,&,,,
,,∞,º,W,,,,,,,,&
,,,,,,,&,,,,,
,,&,,,,,,,N,U,,
,,,,§,U,,,,,,`,Ã
",",,,,,,,,&,,,,
,∞,º,W,,,,,,,,&,
,,,,,,&,,,,,,
,&,,,,,,»,Ω,W,,,
,,P,Ω,W,,,,,,ò,¶,R
,,,,,,,&,,,,,
∞,º,W,,,,,,,,&,,
,,,,,&,,,,,,,
&,,,,,,(,,&,,,,
,8,ß,U,,,,,,®,è,H,
,,,,,,&,,,,,,∞
º,W,,,,,,,,&,,,
,,,,&,,,,,,,,&
,,,,,»,Ω,W,,,,,
P,Ω,W,,,,,,ò,¶,R,,
,,,,,&,,,,,,∞,º
W,,,,,,,,&,,,,
,,,&,,,,,,,,&,
,,,,X,†,U,,,,,,
®,U,,,,,,`,Ã,",",,,
,,,,&,,,,,,∞,º,W
,,,,,,,&,,,,,
,,&,,,,,,,,&,,
,,,0,¿,I,,,,,,,§
U,,,,,,`,Ã,",",,,,
,,,&,,,,,,∞,º,W,
,,,,,,&,,,,,,
,&,,,,,,,,&,,,
,,»,Ω,W,,,,,,P,Ω,W
,,,,,ò,¶,R,,,,,
,,&,,,,,,∞,º,W,,
,,,,,&,,,,,,,
&,,,,,,,,&,,,,
,»,Ω,W,,,,,,P,Ω,W,
,,,,ò,¶,R,,,,,,
,&,,,,,,∞,º,W,,,
,,,,&,,,,,,,,&
,,,,,,,&,,,,,
H,Ü,H,,,,,,`,Ç,Z,,
,,,H,Ü,H,,,,,,,
&,,,,,,∞,º,W,,,,
,,,&,,,,,,,,&,
,,,,,,&,,,,,,»
Ω,W,,,,,,P,Ω,W,,,
,,ò,¶,R,,,,,,,,&
,,,,,∞,º,W,,,,,
,,&,,,,,,,,&,,
,,,,,&,,,,,,0,Ö
Z,,,,,,ò,K,U,,,,
,x,Õ,",",,,,,,,,&,
,,,,∞,º,W,,,,,,
,&,,,,,,,,&,,,
,,,,&,,,,,,»,Ω,W
,,,,,P,Ω,W,,,,,
ò,¶,R,,,,,,,,&,,
,,,∞,º,W,,,,,,,
&,,,,,,,,&,,,,
,,,&,,,,,,X,†,U,
,,,,,®,U,,,,,,`
Ã,",",,,,,,,,&,,,
,,∞,º,W,,,,,,,,&
,,,,,,,&,,,,,
,,&,,,,,,,É,Z,,
,,,Ë,¶,U,,,,,,X,
A,,,,,,,,&,,,,
,∞,º,W,,,,,,,,&,
,,,,,,&,,,,,,
,&,,,,,,»,Ω,W,,,
,,P,Ω,W,,,,,,ò,¶,R
,,,,,,,&,,,,,
∞,º,W,,,,,,,,&,,
,,,,,&,,,,,,,
&,,,,,,»,Ω,W,,,,
,P,Ω,W,,,,,,ò,¶,R,
,,,,,,&,,,,,,∞
º,W,,,,,,,,&,,,
,,,,&,,,,,,,,&
,,,,,,N,U,,,,,
,§,U,,,,,,`,Ã,",",,
,,,,,&,,,,,,∞,º
W,,,,,,,,&,,,,
,,,&,,,,,,,,&,
,,,,»,Ω,W,,,,,,P
Ω,W,,,,,,ò,¶,R,,,
,,,,&,,,,,,∞,º,W
,,,,,,,&,,,,,
,,&,,,,,,,,&,,
,,,–,è,H,,,,,,x,É
Z,,,,,,H,Ü,H,,,,
,,,&,,,,,,∞,º,W,
,,,,,,&,,,,,,
,&,,,,,,,,&,,,
,,»,Ω,W,,,,,,P,Ω,W
,,,,,ò,¶,R,,,,,
,,&,,,,,,∞,º,W,,
,,,,,&,,,,,,,
&,,,,,,,,&,,,,
,X,†,U,,,,,,,®,U,
,,,,`,Ã,",",,,,,,
,&,,,,,,∞,º,W,,,
,,,,&,,,,,,,,&
,,,,,,,&,,,,,
0,¿,I,,,,,,,§,U,,
,,,`,Ã,",",,,,,,,
&,,,,,,∞,º,W,,,,
,,,&,,,,,,,,&,
,,,,,,&,,,,,,»
Ω,W,,,,,,P,Ω,W,,,
,,ò,¶,R,,,,,,,,&
,,,,,∞,º,W,,,,,
,,&,,,,,,,,&,,
,,,,,&,,,,,,»,Ω
W,,,,,,P,Ω,W,,,,
,ò,¶,R,,,,,,,,&,
,,,,∞,º,W,,,,,,
,&,,,,,,,,&,,,
,,,,&,,,,,,@,,&
,,,,,,á,H,,,,,
X,,A,,,,,,,,&,,
,,,∞,º,W,,,,,,,
&,,,,,,,,&,,,,
,,,&,,,,,,»,Ω,W,
,,,,P,Ω,W,,,,,,ò
¶,R,,,,,,,,&,,,
,,∞,º,W,,,,,,,,&
,,,,,,,&,,,,,
,,&,,,,,,0,Ö,Z,,
,,,ò,K,U,,,,,,x,Õ
",",,,,,,,,&,,,,
,∞,º,W,,,,,,,,&,
,,,,,,&,,,,,,
,&,,,,,,»,Ω,W,,,
,,P,Ω,W,,,,,,ò,¶,R
,,,,,,,&,,,,,
∞,º,W,,,,,,,,&,,
,,,,,&,,,,,,,
&,,,,,,X,†,U,,,,
,,®,U,,,,,,`,Ã,",",
,,,,,,&,,,,,,∞
º,W,,,,,,,,&,,,
,,,,&,,,,,,,,&
,,,,,0,Ö,Z,,,,,
ò,Å,Z,,,,,,P,ç,H,,
,,,,,&,,,,,,∞,º
W,,,,,,,,&,,,,
,,,&,,,,,,,,&,
,,,,»,Ω,W,,,,,,P
Ω,W,,,,,,ò,¶,R,,,
,,,,&,,,,,,∞,º,W
,,,,,,,&,,,,,
,,&,,,,,,,,&,,
,,,»,Ω,W,,,,,,P,Ω
W,,,,,,ò,¶,R,,,,
,,,&,,,,,,∞,º,W,
,,,,,,&,,,,,,
,&,,,,,,,,&,,,
,,,N,U,,,,,,,§,U
,,,,,`,Ã,",",,,,,
,,&,,,,,,∞,º,W,,
,,,,,&,,,,,,,
&,,,,,,,,&,,,,
,»,Ω,W,,,,,,P,Ω,W,
,,,,ò,¶,R,,,,,,
,&,,,,,,∞,º,W,,,
,,,,&,,,,,,,,&
,,,,,,,&,,,,,
H,Ü,H,,,,,,`,Ç,Z,,
,,,H,Ü,H,,,,,,,
&,,,,,,∞,º,W,,,,
,,,&,,,,,,,,&,
,,,,,,&,,,,,,»
Ω,W,,,,,,P,Ω,W,,,
,,ò,¶,R,,,,,,,,&
,,,,,∞,º,W,,,,,
,,&,,,,,,,,&,,
,,,,,&,,,,,,X,†
U,,,,,,,®,U,,,,
,`,Ã,",",,,,,,,,&,
,,,,∞,º,W,,,,,,
,&,,,,,,,,&,,,
,,,,&,,,,,,0,¿,I
,,,,,,§,U,,,,,
`,Ã,",",,,,,,,,&,,
,,,∞,º,W,,,,,,,
&,,,,,,,,&,,,,
,,,&,,,,,,»,Ω,W,
,,,,P,Ω,W,,,,,,ò
¶,R,,,,,,,,&,,,
,,∞,º,W,,,,,,,,&
,,,,,,,&,,,,,
,,&,,,,,,»,Ω,W,,
,,,P,Ω,W,,,,,,ò,¶
R,,,,,,,,&,,,,
,∞,º,W,,,,,,,,&,
,,,,,,&,,,,,,
,&,,,,,,‡,,A,,,
,,Ë,¶,U,,,,,,X,,A
,,,,,,,&,,,,,
∞,º,W,,,,,,,,&,,
,,,,,&,,,,,,,
&,,,,,,»,Ω,W,,,,
,P,Ω,W,,,,,,ò,¶,R,
,,,,,,&,,,,,,∞
º,W,,,,,,,,&,,,
,,,,&,,,,,,,,&
,,,,,0,Ö,Z,,,,,
ò,K,U,,,,,,x,Õ,",",,
,,,,,&,,,,,,∞,º
W,,,,,,,,&,,,,
,,,&,,,,,,,,&,
,,,,»,Ω,W,,,,,,P
Ω,W,,,,,,ò,¶,R,,,
,,,,&,,,,,,∞,º,W
,,,,,,,&,,,,,
,,&,,,,,,,,&,,
,,,X,†,U,,,,,,,®
U,,,,,,`,Ã,",",,,,
,,,&,,,,,,∞,º,W,
,,,,,,&,,,,,,
,&,,,,,,,,&,,,
,,(,,&,,,,,,,§,U
,,,,,`,Ã,",",,,,,
,,&,,,,,,∞,º,W,,
,,,,,&,,,,,,,
&,,,,,,,,&,,,,
,»,Ω,W,,,,,,P,Ω,W,
,,,,ò,¶,R,,,,,,
,&,,,,,,∞,º,W,,,
,,,,&,,,,,,,,&
,,,,,,,&,,,,,
»,Ω,W,,,,,,P,Ω,W,,
,,,ò,¶,R,,,,,,,
&,,,,,,∞,º,W,,,,
,,,&,,,,,,,,&,
,,,,,,&,,,,,,
N,U,,,,,,,§,U,,,
,,`,Ã,",",,,,,,,,&
,,,,,∞,º,W,,,,,
,,&,,,,,,,,&,,
,,,,,&,,,,,,»,Ω
W,,,,,,P,Ω,W,,,,
,ò,¶,R,,,,,,,,&,
,,,,∞,º,W,,,,,,
,&,,,,,,,,&,,,
,,,,&,,,,,,(,,&
,,,,,8,ß,U,,,,,
®,è,H,,,,,,,,&,,
,,,∞,º,W,,,,,,,
&,,,,,,,,&,,,,
,,,&,,,,,,»,Ω,W,
,,,,P,Ω,W,,,,,,ò
¶,R,,,,,,,,&,,,
,,∞,º,W,,,,,,,,&
,,,,,,,&,,,,,
,,&,,,,,,X,†,U,,
,,,,®,U,,,,,,`,Ã
",",,,,,,,,&,,,,
,∞,º,W,,,,,,,,&,
,,,,,,&,,,,,,
,&,,,,,,0,¿,I,,,
,,,§,U,,,,,,`,Ã,","
,,,,,,,&,,,,,
∞,º,W,,,,,,,,&,,
,,,,,&,,,,,,,
&,,,,,,»,Ω,W,,,,
,P,Ω,W,,,,,,ò,¶,R,
,,,,,,&,,,,,,∞
º,W,,,,,,,,&,,,
,,,,&,,,,,,,,&
,,,,,»,Ω,W,,,,,
P,Ω,W,,,,,,ò,¶,R,,
,,,,,&,,,,,,∞,º
W,,,,,,,,&,,,,
,,,&,,,,,,,,&,
,,,,»,£,U,,,,,,‡
æ,W,,,,,,(,ç,H,,,
,,,,&,,,,,,∞,º,W
,,,,,,,&,,,,,
,,&,,,,,,,,&,,
,,,»,Ω,W,,,,,,P,Ω
W,,,,,,ò,¶,R,,,,
,,,&,,,,,,∞,º,W,
,,,,,,&,,,,,,
,&,,,,,,,,&,,,
,,0,Ö,Z,,,,,,ò,K,U
,,,,,x,Õ,",",,,,,
,,&,,,,,,∞,º,W,,
,,,,,&,,,,,,,
&,,,,,,,,&,,,,
,»,Ω,W,,,,,,P,Ω,W,
,,,,ò,¶,R,,,,,,
,&,,,,,,∞,º,W,,,
,,,,&,,,,,,,,&
,,,,,,,&,,,,,
X,†,U,,,,,,,®,U,,
,,,`,Ã,",",,,,,,,
&,,,,,,∞,º,W,,,,
,,,&,,,,,,,,&,
,,,,,,&,,,,,,
¢,U,,,,,,,§,U,,,
,,`,Ã,",",,,,,,,,&
,,,,,∞,º,W,,,,,
,,&,,,,,,,,&,,
,,,,,&,,,,,,»,Ω
W,,,,,,P,Ω,W,,,,
,ò,¶,R,,,,,,,,&,
,,,,∞,º,W,,,,,,
,&,,,,,,,,&,,,
,,,,&,,,,,,»,Ω,W
,,,,,P,Ω,W,,,,,
ò,¶,R,,,,,,,,&,,
,,,∞,º,W,,,,,,,
&,,,,,,,,&,,,,
,,,&,,,,,,,N,U,
,,,,,§,U,,,,,,`
Ã,",",,,,,,,,&,,,
,,∞,º,W,,,,,,,,&
,,,,,,,&,,,,,
,,&,,,,,,»,Ω,W,,
,,,P,Ω,W,,,,,,ò,¶
R,,,,,,,,&,,,,
,∞,º,W,,,,,,,,&,
,,,,,,&,,,,,,
,&,,,,,,@,,&,,,
,, ,°,U,,,,,,®,è,H
,,,,,,,&,,,,,
∞,º,W,,,,,,,,&,,
,,,,,&,,,,,,,
&,,,,,,»,Ω,W,,,,
,P,Ω,W,,,,,,ò,¶,R,
,,,,,,&,,,,,,∞
º,W,,,,,,,,&,,,
,,,,&,,,,,,,,&
,,,,,X,†,U,,,,,
,®,U,,,,,,`,Ã,",",,
,,,,,&,,,,,,∞,º
W,,,,,,,,&,,,,
,,,&,,,,,,,,&,
,,,,0,¿,I,,,,,,
§,U,,,,,,`,Ã,",",,,
,,,,&,,,,,,∞,º,W
,,,,,,,&,,,,,
,,&,,,,,,,,&,,
,,,»,Ω,W,,,,,,P,Ω
W,,,,,,ò,¶,R,,,,
,,,&,,,,,,∞,º,W,
,,,,,,&,,,,,,
,&,,,,,,,,&,,,
,,»,Ω,W,,,,,,P,Ω,W
,,,,,ò,¶,R,,,,,
,,&,,,,,,∞,º,W,,
,,,,,&,,,,,,,
&,,,,,,,,&,,,,
,Ë,K,U,,,,,,,á,H,
,,,,X,,A,,,,,,
,&,,,,,,∞,º,W,,,
,,,,&,,,,,,,,&
,,,,,,,&,,,,,
»,Ω,W,,,,,,P,Ω,W,,
,,,ò,¶,R,,,,,,,
&,,,,,,∞,º,W,,,,
,,,&,,,,,,,,&,
,,,,,,&,,,,,,0
Ö,Z,,,,,,ò,K,U,,,
,,x,Õ,",",,,,,,,,&
,,,,,∞,º,W,,,,,
,,&,,,,,,,,&,,
,,,,,&,,,,,,»,Ω
W,,,,,,P,Ω,W,,,,
,ò,¶,R,,,,,,,,&,
,,,,∞,º,W,,,,,,
,&,,,,,,,,&,,,
,,,,&,,,,,,X,†,U
,,,,,,®,U,,,,,
`,Ã,",",,,,,,,,&,,
,,,∞,º,W,,,,,,,
&,,,,,,,,&,,,,
,,,&,,,,,,@,æ,W,
,,,,,ß,U,,,,,, 
À,",",,,,,,,,&,,,
,,∞,º,W,,,,,,,,&
,,,,,,,&,,,,,
,,&,,,,,,»,Ω,W,,
,,,P,Ω,W,,,,,,ò,¶
R,,,,,,,,&,,,,
,∞,º,W,,,,,,,,&,
,,,,,,&,,,,,,
,&,,,,,,»,Ω,W,,,
,,P,Ω,W,,,,,,ò,¶,R
,,,,,,,&,,,,,
∞,º,W,,,,,,,,&,,
,,,,,&,,,,,,,
&,,,,,,,N,U,,,,
,,§,U,,,,,,`,Ã,",",
,,,,,,&,,,,,,∞
º,W,,,,,,,,&,,,
,,,,&,,,,,,,,&
,,,,,»,Ω,W,,,,,
P,Ω,W,,,,,,ò,¶,R,,
,,,,,&,,,,,,∞,º
W,,,,,,,,&,,,,
,,,&,,,,,,,,&,
,,,,h,§,U,,,,,,»
É,Z,,,,,,H,Ü,H,,,
,,,,&,,,,,,∞,º,W
,,,,,,,&,,,,,
,,&,,,,,,,,&,,
,,,»,Ω,W,,,,,,P,Ω
W,,,,,,ò,¶,R,,,,
,,,&,,,,,,∞,º,W,
,,,,,,&,,,,,,
,&,,,,,,,,&,,,
,,X,†,U,,,,,,,®,U
,,,,,`,Ã,",",,,,,
,,&,,,,,,∞,º,W,,
,,,,,&,,,,,,,
&,,,,,,,,&,,,,
,0,¿,I,,,,,,,§,U,
,,,,`,Ã,",",,,,,,
,&,,,,,,∞,º,W,,,
,,,,&,,,,,,,,&
,,,,,,,&,,,,,
»,Ω,W,,,,,,P,Ω,W,,
,,,ò,¶,R,,,,,,,
&,,,,,,∞,º,W,,,,
,,,&,,,,,,,,&,
,,,,,,&,,,,,,»
Ω,W,,,,,,P,Ω,W,,,
,,ò,¶,R,,,,,,,,&
,,,,,∞,º,W,,,,,
,,&,,,,,,,,&,,
,,,,,&,,,,,,∞,¢
U,,,,,,p,Å,Z,,,,
,P,ç,H,,,,,,,,&,
,,,,∞,º,W,,,,,,
,&,,,,,,,,&,,,
,,,,&,,,,,,»,Ω,W
,,,,,P,Ω,W,,,,,
ò,¶,R,,,,,,,,&,,
,,,∞,º,W,,,,,,,
&,,,,,,,,&,,,,
,,,&,,,,,,0,Ö,Z,
,,,,ò,K,U,,,,,,x
Õ,",",,,,,,,,&,,,
,,∞,º,W,,,,,,,,&
,,,,,,,&,,,,,
,,&,,,,,,»,Ω,W,,
,,,P,Ω,W,,,,,,ò,¶
R,,,,,,,,&,,,,
,∞,º,W,,,,,,,,&,
,,,,,,&,,,,,,
,&,,,,,,X,†,U,,,
,,,®,U,,,,,,`,Ã,","
,,,,,,,&,,,,,
∞,º,W,,,,,,,,&,,
,,,,,&,,,,,,,
&,,,,,,Ë,¡,",",,,,
,,á,H,,,,,,X,,A,
,,,,,,&,,,,,,∞
º,W,,,,,,,,&,,,
,,,,&,,,,,,,,&
,,,,,»,Ω,W,,,,,
P,Ω,W,,,,,,ò,¶,R,,
,,,,,&,,,,,,∞,º
W,,,,,,,,&,,,,
,,,&,,,,,,,,&,
,,,,»,Ω,W,,,,,,P
Ω,W,,,,,,ò,¶,R,,,
,,,,&,,,,,,∞,º,W
,,,,,,,&,,,,,
,,&,,,,,,,,&,,
,,,,N,U,,,,,,,§
U,,,,,,`,Ã,",",,,,
,,,&,,,,,,∞,º,W,
,,,,,,&,,,,,,
,&,,,,,,,,&,,,
,,»,Ω,W,,,,,,P,Ω,W
,,,,,ò,¶,R,,,,,
,,&,,,,,,∞,º,W,,
,,,,,&,,,,,,,
&,,,,,,,,&,,,,
,0,Ö,Z,,,,,,ò,K,U,
,,,,x,Õ,",",,,,,,
,&,,,,,,∞,º,W,,,
,,,,&,,,,,,,,&
,,,,,,,&,,,,,
»,Ω,W,,,,,,P,Ω,W,,
,,,ò,¶,R,,,,,,,
&,,,,,,∞,º,W,,,,
,,,&,,,,,,,,&,
,,,,,,&,,,,,,X
†,U,,,,,,,®,U,,,
,,`,Ã,",",,,,,,,,&
,,,,,∞,º,W,,,,,
,,&,,,,,,,,&,,
,,,,,&,,,,,,0,¿
I,,,,,,,§,U,,,,
,`,Ã,",",,,,,,,,&,
,,,,∞,º,W,,,,,,
,&,,,,,,,,&,,,
,,,,&,,,,,,»,Ω,W
,,,,,P,Ω,W,,,,,
ò,¶,R,,,,,,,,&,,
,,,∞,º,W,,,,,,,
&,,,,,,,,&,,,,
,,,&,,,,,,»,Ω,W,
,,,,P,Ω,W,,,,,,ò
¶,R,,,,,,,,&,,,
,,∞,º,W,,,,,,,,&
,,,,,,,&,,,,,
,,&,,,,,,»,£,U,,
,,,‡,æ,W,,,,,,(,ç
H,,,,,,,,&,,,,
,∞,º,W,,,,,,,,&,
,,,,,,&,,,,,,
,&,,,,,,»,Ω,W,,,
,,P,Ω,W,,,,,,ò,¶,R
,,,,,,,&,,,,,
∞,º,W,,,,,,,,&,,
,,,,,&,,,,,,,
&,,,,,,0,Ö,Z,,,,
,ò,K,U,,,,,,x,Õ,",",
,,,,,,&,,,,,,∞
º,W,,,,,,,,&,,,
,,,,&,,,,,,,,&
,,,,,»,Ω,W,,,,,
P,Ω,W,,,,,,ò,¶,R,,
